SALE TYPE,SOLD DATE,PROPERTY TYPE,ADDRESS,CITY,STATE OR PROVINCE,ZIP OR POSTAL CODE,PRICE,BEDS,BATHS,LOCATION,SQUARE FEET,LOT SIZE,YEAR BUILT,DAYS ON MARKET,$/SQUARE FEET,HOA/MONTH,STATUS,NEXT OPEN HOUSE START TIME,NEXT OPEN HOUSE END TIME,URL (SEE https://www.redfin.com/buy-a-home/comparative-market-analysis FOR INFO ON PRICING),SOURCE,MLS#,FAVORITE,INTERESTED,LATITUDE,LONGITUDE
MLS Listing,,Townhouse,1409 Foxhall Rd NW,Washington,DC,20007,1275000,4,3.5,FOXHALL,2451,3375,1911,4,520,,Active,December-5-2021 12:00 PM,December-5-2021 02:00 PM,https://www.redfin.com/DC/Washington/1409-Foxhall-Rd-NW-20007/home/9938567,BRIGHT MLS,DCDC2021884,N,Y,38.9074429,-77.0811454
PAST SALE,June-27-2019,Townhouse,3609 S St NW,Washington,DC,20007,970000,4,2.5,BURLEITH,1548,2250,1923,891,627,,Sold,,,https://www.redfin.com/DC/Washington/3609-S-St-NW-20007/home/9935786,BRIGHT MLS,DCDC423218,N,Y,38.9147262,-77.0716479
PAST SALE,May-19-2021,Townhouse,1414 Foxhall Rd NW,Washington,DC,20007,1100000,3,2.0,PALISADES,1918,2172,1919,199,574,,Sold,,,https://www.redfin.com/DC/Washington/1414-Foxhall-Rd-NW-20007/home/9939296,BRIGHT MLS,DCDC522860,N,Y,38.9075484,-77.0818223
PAST SALE,August-24-2020,Condo/Co-op,4114 Davis Pl NW #117,Washington,DC,20007,340000,1,1.0,GLOVER PARK,670,,1955,467,507,299,Sold,,,https://www.redfin.com/DC/Washington/4114-Davis-Pl-NW-20007/unit-117/home/9959064,BRIGHT MLS,DCDC477866,N,Y,38.9231516,-77.0815838
PAST SALE,June-24-2019,Condo/Co-op,3918 W St NW #5,Washington,DC,20007,615000,2,2.0,GLOVER PARK,939,688,2015,894,655,270,Sold,,,https://www.redfin.com/DC/Washington/3918-W-St-NW-20007/unit-5/home/101799982,BRIGHT MLS,DCDC426468,N,Y,38.918969,-77.0777393
PAST SALE,October-23-2020,Condo/Co-op,1711 35th St NW #24,Washington,DC,20007,350000,1,1.0,GEORGETOWN,478,,1926,407,732,210,Sold,,,https://www.redfin.com/DC/Washington/1711-35th-St-NW-20007/unit-24/home/10174072,BRIGHT MLS,DCDC476790,N,Y,38.9140456,-77.0690832
PAST SALE,May-14-2020,Condo/Co-op,4000 Tunlaw Rd NW #216,Washington,DC,20007,399999,2,2.0,GLOVER PARK,1083,,1960,569,369,1036,Sold,,,https://www.redfin.com/DC/Washington/4000-Tunlaw-Rd-NW-20007/unit-216/home/9959278,BRIGHT MLS,DCDC453316,N,Y,38.9252674,-77.0804147
PAST SALE,August-14-2020,Townhouse,2515 Q St NW,Washington,DC,20007,1495000,3,2.0,GEORGETOWN,1620,1195,1900,477,923,,Sold,,,https://www.redfin.com/DC/Washington/2515-Q-St-NW-20007/home/9931651,BRIGHT MLS,DCDC476240,N,Y,38.9107906,-77.0540336
PAST SALE,February-1-2021,Condo/Co-op,2500 Q St NW #412,Washington,DC,20007,435000,1,1.0,GEORGETOWN,1014,,1942,306,429,1115,Sold,,,https://www.redfin.com/DC/Washington/2500-Q-St-NW-20007/unit-412/home/9928715,BRIGHT MLS,DCDC488726,N,Y,38.9103711,-77.0520839
PAST SALE,June-22-2021,Condo/Co-op,4027 Benton St NW #301,Washington,DC,20007,280000,1,1.0,GLOVER PARK,740,,1942,165,378,426,Sold,,,https://www.redfin.com/DC/Washington/4027-Benton-St-NW-20007/unit-301/home/9936574,BRIGHT MLS,DCDC515300,N,Y,38.920928,-77.080349
PAST SALE,May-9-2019,Townhouse,4447 Volta Pl NW,Washington,DC,20007,1100000,4,3.0,FOXHALL,2479,2892,1932,940,444,,Sold,,,https://www.redfin.com/DC/Washington/4447-Volta-Pl-NW-20007/home/9938371,BRIGHT MLS,DCDC309446,N,Y,38.909936,-77.0825058
PAST SALE,March-30-2021,Townhouse,3645 Winfield Ln NW,Washington,DC,20007,1700000,5,5.5,GEORGETOWN,3266,3562,1986,249,521,185,Sold,,,https://www.redfin.com/DC/Washington/3645-Winfield-Ln-NW-20007/home/9932151,BRIGHT MLS,DCDC507896,N,Y,38.9120021,-77.0717026
PAST SALE,November-19-2020,Single Family Residential,4632 Kenmore Dr NW,Washington,DC,20007,1790000,5,4.5,BERKLEY,4700,5125,1987,380,381,,Sold,,,https://www.redfin.com/DC/Washington/4632-Kenmore-Dr-NW-20007/home/9939618,BRIGHT MLS,DCDC489230,N,Y,38.9123989,-77.0882158
PAST SALE,July-8-2019,Townhouse,3657 Winfield Ln NW,Washington,DC,20007,1770000,5,5.5,GEORGETOWN,3408,2168,1986,880,519,185,Sold,,,https://www.redfin.com/DC/Washington/3657-Winfield-Ln-NW-20007/home/9932162,BRIGHT MLS,DCDC428028,N,Y,38.9120638,-77.0719836
PAST SALE,February-5-2019,Condo/Co-op,2400 41st St NW #215,Washington,DC,20007,263000,1,1.0,GLOVER PARK,842,,1959,1033,312,528,Sold,,,https://www.redfin.com/DC/Washington/2400-41st-St-NW-20007/unit-215/home/9958773,BRIGHT MLS,1009921450,N,Y,38.9221395,-77.0811651
PAST SALE,August-28-2020,Townhouse,4605-1/2 Macarthur Blvd NW Unit B,Washington,DC,20007,674000,2,2.5,BERKLEY,1190,,1900,463,566,698,Sold,,,https://www.redfin.com/DC/Washington/4605-MacArthur-Blvd-NW-20007/unit-B/home/9940115,BRIGHT MLS,DCDC478712,N,Y,38.9115021,-77.0892128
PAST SALE,September-28-2020,Condo/Co-op,3225 Grace St NW #218,Washington,DC,20007,635000,2,2.0,GEORGETOWN,983,,1981,432,646,818,Sold,,,https://www.redfin.com/DC/Washington/3225-Grace-St-NW-20007/unit-218/home/9924487,BRIGHT MLS,DCDC482190,N,Y,38.904115,-77.0641585
PAST SALE,December-30-2019,Condo/Co-op,2400 41st St NW #204,Washington,DC,20007,347000,2,1.0,GLOVER PARK,919,,1959,705,378,599,Sold,,,https://www.redfin.com/DC/Washington/2400-41st-St-NW-20007/unit-204/home/9958760,BRIGHT MLS,DCDC445594,N,Y,38.9216951,-77.0809551
PAST SALE,September-15-2020,Condo/Co-op,4000 Tunlaw Rd NW #1019,Washington,DC,20007,395000,2,1.0,GLOVER PARK,866,,1960,445,456,855,Sold,,,https://www.redfin.com/DC/Washington/4000-Tunlaw-Rd-NW-20007/unit-1019/home/9959723,BRIGHT MLS,DCDC481984,N,Y,38.9252674,-77.0804147
PAST SALE,October-15-2020,Condo/Co-op,2500 Q St NW #534,Washington,DC,20007,530000,2,2.0,GEORGETOWN,1143,,1942,415,464,1213,Sold,,,https://www.redfin.com/DC/Washington/2500-Q-St-NW-20007/unit-534/home/9929027,BRIGHT MLS,DCDC485664,N,Y,38.9103711,-77.0520839
PAST SALE,June-21-2019,Condo/Co-op,3925 Davis Pl NW #206,Washington,DC,20007,224900,1,1.0,GLOVER PARK,459,398,1940,897,490,292,Sold,,,https://www.redfin.com/DC/Washington/3925-Davis-Pl-NW-20007/unit-206/home/10186758,BRIGHT MLS,DCDC425924,N,Y,38.9239296,-77.0783239
PAST SALE,April-15-2019,Condo/Co-op,3925 Davis Pl NW #303,Washington,DC,20007,297450,1,1.0,GLOVER PARK,649,563,1940,964,458,453,Sold,,,https://www.redfin.com/DC/Washington/3925-Davis-Pl-NW-20007/unit-303/home/10186768,BRIGHT MLS,DCDC364854,N,Y,38.9239296,-77.0783239
PAST SALE,November-9-2021,Condo/Co-op,4027 Benton St NW #201,Washington,DC,20007,278000,1,1.0,GLOVER PARK,740,,1942,25,376,411,Sold,,,https://www.redfin.com/DC/Washington/4027-Benton-St-NW-20007/unit-201/home/9936571,BRIGHT MLS,DCDC2014658,N,Y,38.920928,-77.080349
PAST SALE,November-5-2021,Townhouse,3301 NW Dent Pl NW,Washington,DC,20007,1050000,2,2.0,GEORGETOWN,1080,1523,1921,29,972,,Sold,,,https://www.redfin.com/DC/Washington/3301-Dent-Pl-NW-20007/home/9931701,BRIGHT MLS,DCDC2010676,N,Y,38.9119207,-77.0665073
PAST SALE,October-26-2021,Townhouse,3714 Manor Pl NW,Washington,DC,20007,1015000,3,2.0,GLOVER PARK,1842,2232,1938,39,551,,Sold,,,https://www.redfin.com/DC/Washington/3714-Manor-Pl-NW-20007/home/9934926,BRIGHT MLS,DCDC2013114,N,Y,38.9185565,-77.0736137
PAST SALE,June-18-2019,Townhouse,1916 35th Pl NW,Washington,DC,20007,810000,2,1.0,BURLEITH,1022,924,1914,900,793,,Sold,,,https://www.redfin.com/DC/Washington/1916-35th-Pl-NW-20007/home/9932518,BRIGHT MLS,DCDC423212,N,Y,38.9160063,-77.070376
PAST SALE,October-22-2020,Condo/Co-op,1632 30th St NW #1,Washington,DC,20007,710000,2,2.5,GEORGETOWN,1023,,1940,408,694,413,Sold,,,https://www.redfin.com/DC/Washington/1632-30th-St-NW-20007/unit-1/home/9931447,BRIGHT MLS,DCDC485674,N,Y,38.9115308,-77.0595495
PAST SALE,December-27-2019,Single Family Residential,1831 47th Pl NW,Washington,DC,20007,1050000,3,2.5,BERKLEY,2024,4763,1958,708,519,,Sold,,,https://www.redfin.com/DC/Washington/1831-47th-Pl-NW-20007/home/9939979,BRIGHT MLS,DCDC441614,N,Y,38.9132374,-77.0899693
PAST SALE,June-28-2019,Condo/Co-op,2325 42nd St NW #405,Washington,DC,20007,310000,1,1.0,GLOVER PARK,652,683,1956,890,475,361,Sold,,,https://www.redfin.com/DC/Washington/2325-42nd-St-NW-20007/unit-405/home/9958978,BRIGHT MLS,DCDC428020,N,Y,38.9221286,-77.0817637
PAST SALE,May-8-2020,Condo/Co-op,2320 Wisconsin Ave NW #311,Washington,DC,20007,379900,1,1.0,GLOVER PARK,622,,1984,575,611,452,Sold,,,https://www.redfin.com/DC/Washington/2320-Wisconsin-Ave-NW-20007/unit-311/home/10174081,BRIGHT MLS,DCDC462846,N,Y,38.9204776,-77.0720511
PAST SALE,February-5-2021,Condo/Co-op,4840 Macarthur Blvd NW #601,Washington,DC,20007,355000,1,1.0,PALISADES,755,,1959,302,470,399,Sold,,,https://www.redfin.com/DC/Washington/4840-MacArthur-Blvd-NW-20007/unit-601/home/12531178,BRIGHT MLS,DCDC503530,N,Y,38.9170703,-77.0968742
PAST SALE,December-27-2019,Condo/Co-op,4100 W St NW #211,Washington,DC,20007,270000,1,1.0,GLOVER PARK,740,,1950,708,365,615,Sold,,,https://www.redfin.com/DC/Washington/4100-W-St-NW-20007/unit-211/home/9936737,BRIGHT MLS,DCDC100359,N,Y,38.9192397,-77.0817637
PAST SALE,April-1-2021,Condo/Co-op,4114 Davis Pl NW #116,Washington,DC,20007,350000,1,1.0,GLOVER PARK,766,,1955,247,457,375,Sold,,,https://www.redfin.com/DC/Washington/4114-Davis-Pl-NW-20007/unit-116/home/9959061,BRIGHT MLS,DCDC502516,N,Y,38.9231516,-77.0815838
PAST SALE,July-8-2021,Condo/Co-op,4595 Macarthur Blvd NW #4,Washington,DC,20007,278000,1,1.0,PALISADES,600,,1954,149,463,249,Sold,,,https://www.redfin.com/DC/Washington/4595-MacArthur-Blvd-NW-20007/unit-4/home/12531193,BRIGHT MLS,DCDC522502,N,Y,38.9108128,-77.0888149
PAST SALE,July-30-2020,Condo/Co-op,4609 1/2 Macarthur Blvd NW Unit B,Washington,DC,20007,677000,2,2.5,BERKLEY,1250,,1900,492,542,670,Sold,,,https://www.redfin.com/DC/Washington/4609-MacArthur-Blvd-NW-20007/unit-B/home/9940133,BRIGHT MLS,DCDC472690,N,Y,38.911674,-77.089246
PAST SALE,November-30-2021,Townhouse,1947 39th St NW,Washington,DC,20007,1050000,3,2.0,BURLEITH,1568,1357,1939,4,670,,Sold,,,https://www.redfin.com/DC/Washington/1947-39th-St-NW-20007/home/9936277,BRIGHT MLS,DCDC2001167,N,Y,38.916463,-77.075447
PAST SALE,June-7-2019,Condo/Co-op,2400 41st St NW #515,Washington,DC,20007,292500,1,1.0,GLOVER PARK,823,750,1959,911,355,533,Sold,,,https://www.redfin.com/DC/Washington/2400-41st-St-NW-20007/unit-515/home/9958867,BRIGHT MLS,DCDC403798,N,Y,38.9221395,-77.0811651
PAST SALE,August-3-2020,Condo/Co-op,2500 Q St NW #129,Washington,DC,20007,340000,0,1.0,GEORGETOWN,526,,1942,488,646,652,Sold,,,https://www.redfin.com/DC/Washington/2500-Q-St-NW-20007/unit-129/home/9928938,BRIGHT MLS,DCDC476028,N,Y,38.9103711,-77.0520839
MLS Listing,,Townhouse,3026 P St NW,Washington,DC,20007,4995000,5,6.0,GEORGETOWN,6280,3367,1810,1,795,,Active,,,https://www.redfin.com/DC/Washington/3026-P-St-NW-20007/home/9928138,BRIGHT MLS,DCDC2023424,N,Y,38.9091011,-77.0602465
MLS Listing,,Townhouse,3406 Reservoir Rd NW,Washington,DC,20007,1495000,4,2.0,GEORGETOWN,2199,1225,1900,2,680,,Active,December-5-2021 02:00 PM,December-5-2021 04:00 PM,https://www.redfin.com/DC/Washington/3406-Reservoir-Rd-NW-20007/home/96402060,BRIGHT MLS,DCDC2022342,N,Y,38.9125691,-77.0681726
MLS Listing,,Condo/Co-op,2500 Q St NW #236,Washington,DC,20007,410000,1,1.0,GEORGETOWN,1014,,1942,2,404,936,Active,December-5-2021 01:00 PM,December-5-2021 03:00 PM,https://www.redfin.com/DC/Washington/2500-Q-St-NW-20007/unit-236/home/9929047,BRIGHT MLS,DCDC2022494,N,Y,38.9103711,-77.0520839
MLS Listing,,Condo/Co-op,2111 Wisconsin Ave NW #421,Washington,DC,20007,425000,1,1.0,OBSERVATORY CIRCLE,725,,1988,2,586,757,Active,,,https://www.redfin.com/DC/Washington/2111-Wisconsin-Ave-NW-20007/unit-421/home/9933008,BRIGHT MLS,DCDC2021508,N,Y,38.9181061,-77.0686911
MLS Listing,,Condo/Co-op,2111 Wisconsin Ave NW #615,Washington,DC,20007,269000,0,1.0,OBSERVATORY CIRCLE,492,,1988,3,547,543,Active,December-5-2021 02:00 PM,December-5-2021 04:00 PM,https://www.redfin.com/DC/Washington/2111-Wisconsin-Ave-NW-20007/unit-615/home/9933091,BRIGHT MLS,DCDC2022678,N,Y,38.9181061,-77.0686911
MLS Listing,,Condo/Co-op,4000 Tunlaw Rd NW #214,Washington,DC,20007,290000,1,1.0,GLOVER PARK,759,,1960,3,382,693,Active,,,https://www.redfin.com/DC/Washington/4000-Tunlaw-Rd-NW-20007/unit-214/home/9959276,BRIGHT MLS,DCDC2022704,N,Y,38.9252674,-77.0804147
MLS Listing,,Condo/Co-op,2500 Q St NW #327,Washington,DC,20007,420000,1,1.0,GEORGETOWN,1014,,1942,4,414,954,Active,December-5-2021 01:00 PM,December-5-2021 03:00 PM,https://www.redfin.com/DC/Washington/2500-Q-St-NW-20007/unit-327/home/9928911,BRIGHT MLS,DCDC2021812,N,Y,38.9103711,-77.0520839
MLS Listing,,Single Family Residential,1244 28th St NW,Washington,DC,20007,1099000,1,1.0,GEORGETOWN,1076,903,1900,4,1021,,Active,December-5-2021 12:00 PM,December-5-2021 03:00 PM,https://www.redfin.com/DC/Washington/1244-28th-St-NW-20007/home/9925608,BRIGHT MLS,DCDC2022572,N,Y,38.9065723,-77.0571725
MLS Listing,,Condo/Co-op,2325 42nd St NW #321,Washington,DC,20007,399900,2,1.0,GLOVER PARK,920,,1956,4,435,571,Active,,,https://www.redfin.com/DC/Washington/2325-42nd-St-NW-20007/unit-321/home/9958971,BRIGHT MLS,DCDC2022138,N,Y,38.9221286,-77.0817637
MLS Listing,,Single Family Residential,4707 Fulton St NW,Washington,DC,20007,3995000,5,6.0,WESLEY HEIGHTS,4837,10077,1939,4,826,,Active,December-5-2021 01:00 PM,December-5-2021 03:00 PM,https://www.redfin.com/DC/Washington/4707-Fulton-St-NW-20007/home/9941584,BRIGHT MLS,DCDC2022536,N,Y,38.9268705,-77.0913181
MLS Listing,,Townhouse,1416 35th St NW,Washington,DC,20007,1449000,3,2.0,GEORGETOWN,1530,1859,1900,5,947,,Active,December-5-2021 01:00 PM,December-5-2021 04:00 PM,https://www.redfin.com/DC/Washington/1416-35th-St-NW-20007/home/9927623,BRIGHT MLS,DCDC2021622,N,Y,38.9082861,-77.0693418
MLS Listing,,Condo/Co-op,2500 Q St NW #418,Washington,DC,20007,335000,1,1.0,GEORGETOWN,738,,1942,10,454,784,Active,,,https://www.redfin.com/DC/Washington/2500-Q-St-NW-20007/unit-418/home/9928777,BRIGHT MLS,DCDC2022306,N,Y,38.9103711,-77.0520839
MLS Listing,,Condo/Co-op,3303 Water St NW Unit 4O,Washington,DC,20007,999999,1,1.0,GEORGETOWN,1290,,2004,11,775,1892,Active,,,https://www.redfin.com/DC/Washington/3303-Water-St-NW-20007/unit-4O/home/10344193,BRIGHT MLS,DCDC2022254,N,Y,38.9040618,-77.0666549
MLS Listing,,Condo/Co-op,3237 N St NW #19,Washington,DC,20007,549000,2,1.0,GEORGETOWN,515,,1900,15,1066,325,Active,December-5-2021 01:00 PM,December-5-2021 04:00 PM,https://www.redfin.com/DC/Washington/3237-N-St-NW-20007/unit-19/home/9926622,BRIGHT MLS,DCDC2021888,N,Y,38.9070877,-77.0644738
MLS Listing,,Condo/Co-op,2801 New Mexico Ave NW #515,Washington,DC,20007,739500,2,1.5,OBSERVATORY CIRCLE,1489,,1966,15,497,1883,Active,December-5-2021 01:30 PM,December-5-2021 04:00 PM,https://www.redfin.com/DC/Washington/2801-New-Mexico-Ave-NW-20007/unit-515/home/9964280,BRIGHT MLS,DCDC2021896,N,Y,38.9267165,-77.0801
MLS Listing,,Single Family Residential,4625 Charleston Ter NW,Washington,DC,20007,2375000,4,4.5,BERKLEY,5450,13757,1939,16,436,,Active,December-5-2021 01:30 PM,December-5-2021 03:30 PM,https://www.redfin.com/DC/Washington/4625-Charleston-Ter-NW-20007/home/9939599,BRIGHT MLS,DCDC2020586,N,Y,38.9122738,-77.0888902
MLS Listing,,Condo/Co-op,2801 New Mexico NW #1015,Washington,DC,20007,649000,1,1.5,OBSERVATORY CIRCLE,1489,,1966,18,436,1883,Active,December-5-2021 02:00 PM,December-5-2021 04:00 PM,https://www.redfin.com/DC/Washington/2801-New-Mexico-Ave-NW-20007/unit-1015/home/9964516,BRIGHT MLS,DCDC2021518,N,Y,38.9267165,-77.0801
MLS Listing,,Condo/Co-op,2642 39th NW Ph 7,Washington,DC,20007,715000,2,1.0,GLOVER PARK,803,,2021,19,890,287,Active,,,https://www.redfin.com/DC/Washington/2642-39th-St-NW-20007/unit-7/home/177198569,BRIGHT MLS,DCDC2021300,N,Y,38.9244363,-77.0785487
MLS Listing,,Townhouse,1212 30th St NW,Washington,DC,20007,2200000,6,3.5,GEORGETOWN,3109,1496,1900,20,708,,Active,December-5-2021 01:00 PM,December-5-2021 03:00 PM,https://www.redfin.com/DC/Washington/1212-30th-St-NW-20007/home/9925376,BRIGHT MLS,DCDC2021064,N,Y,38.9057433,-77.0593808
MLS Listing,,Condo/Co-op,3030 K St NW #211,Washington,DC,20007,3500000,4,5.0,GEORGETOWN,3148,,1984,21,1112,7092,Active,,,https://www.redfin.com/DC/Washington/3030-K-St-NW-20007/unit-211/home/9922821,BRIGHT MLS,DCDC2021156,N,Y,38.9016986,-77.0604669
MLS Listing,,Townhouse,4043 Mansion Dr NW,Washington,DC,20007,1975000,3,3.5,BURLEITH,3752,2420,1989,22,526,550,Active,,,https://www.redfin.com/DC/Washington/4043-Mansion-Dr-NW-20007/home/9937272,BRIGHT MLS,DCDC2020862,N,Y,38.9165118,-77.0806058
MLS Listing,,Townhouse,1901 37th St NW,Washington,DC,20007,1975000,3,4.5,BURLEITH,2900,3737,1924,22,681,,Active,December-5-2021 02:00 PM,December-5-2021 04:00 PM,https://www.redfin.com/DC/Washington/1901-37th-St-NW-20007/home/9932360,BRIGHT MLS,DCDC2020500,N,Y,38.9155464,-77.0725345
MLS Listing,,Condo/Co-op,4000 Tunlaw Rd NW #516,Washington,DC,20007,479000,2,2.0,GLOVER PARK,1093,,1960,23,438,1078,Active,,,https://www.redfin.com/DC/Washington/4000-Tunlaw-Rd-NW-20007/unit-516/home/9959423,BRIGHT MLS,DCDC2020868,N,Y,38.9252674,-77.0804147
MLS Listing,,Condo/Co-op,2500 Q St NW #246,Washington,DC,20007,223000,0,1.0,GEORGETOWN,364,,1942,26,613,228,Active,,,https://www.redfin.com/DC/Washington/2500-Q-St-NW-20007/unit-246/home/9929261,BRIGHT MLS,DCDC2020104,N,Y,38.9103711,-77.0520839
MLS Listing,,Condo/Co-op,4012 Edmunds St NW Ph -2,Washington,DC,20007,649000,2,2.0,GLOVER PARK,820,,1939,26,791,327,Active,,,https://www.redfin.com/DC/Washington/4012-Edmunds-St-NW-20007/unit-2/home/145428622,BRIGHT MLS,DCDC2020408,N,Y,38.9244014,-77.0797336
MLS Listing,,Condo/Co-op,2800 Wisconsin Ave NW #202,Washington,DC,20007,205000,0,1.0,OBSERVATORY CIRCLE,392,,1964,30,523,426,Active,,,https://www.redfin.com/DC/Washington/2800-Wisconsin-Ave-NW-20007/unit-202/home/9974100,BRIGHT MLS,DCDC2020112,N,Y,38.9264964,-77.0734771
MLS Listing,,Condo/Co-op,2500 Q St NW #332,Washington,DC,20007,385000,1,1.0,GEORGETOWN,1014,,1942,30,380,1008,Active,,,https://www.redfin.com/DC/Washington/2500-Q-St-NW-20007/unit-332/home/9928989,BRIGHT MLS,DCDC2019580,N,Y,38.9103711,-77.0520839
MLS Listing,,Condo/Co-op,2141 Wisconsin Ave NW #602,Washington,DC,20007,375000,1,1.0,OBSERVATORY CIRCLE,611,,1941,30,614,411,Active,,,https://www.redfin.com/DC/Washington/2141-Wisconsin-Ave-NW-20007/unit-602/home/9933191,BRIGHT MLS,DCDC2019674,N,Y,38.9191321,-77.0700725
MLS Listing,,Condo/Co-op,2606 Tunlaw Rd NW #2,Washington,DC,20007,324995,1,1.0,GLOVER PARK,533,,1954,30,610,310,Active,,,https://www.redfin.com/DC/Washington/2606-Tunlaw-Rd-NW-20007/unit-2/home/9935354,BRIGHT MLS,DCDC2019488,N,Y,38.9240789,-77.0757058
MLS Listing,,Townhouse,3045 West Lane Kys NW,Washington,DC,20007,4750000,5,5.5,GEORGETOWN,3095,2035,1958,32,1535,,Active,,,https://www.redfin.com/DC/Washington/3045-W-Ln-Kys-NW-20007/home/9929882,BRIGHT MLS,DCDC2019498,N,Y,38.909943,-77.0609248
MLS Listing,,Condo/Co-op,1077 30th St NW #702,Washington,DC,20007,920000,2,2.0,GEORGETOWN,1162,,1980,33,792,914,Active,,,https://www.redfin.com/DC/Washington/1077-30th-St-NW-20007/unit-702/home/9924348,BRIGHT MLS,DCDC2001159,N,Y,38.9035428,-77.0589685
MLS Listing,,Condo/Co-op,2725 39th St NW #512,Washington,DC,20007,450000,2,1.0,GLOVER PARK,974,,1959,36,462,705,Active,,,https://www.redfin.com/DC/Washington/2725-39th-St-NW-20007/unit-512/home/11747296,BRIGHT MLS,DCDC2018196,N,Y,38.9253064,-77.0786162
MLS Listing,,Condo/Co-op,2500 Q St NW #445,Washington,DC,20007,379000,1,1.0,GEORGETOWN,887,,1942,37,427,890,Active,December-5-2021 12:00 PM,December-5-2021 02:00 PM,https://www.redfin.com/DC/Washington/2500-Q-St-NW-20007/unit-445/home/9929187,BRIGHT MLS,DCDC2019032,N,Y,38.9103711,-77.0520839
MLS Listing,,Townhouse,1512 34th St NW,Washington,DC,20007,2995000,3,3.5,GEORGETOWN,2000,3055,1900,37,1498,,Active,,,https://www.redfin.com/DC/Washington/1512-34th-St-NW-20007/home/9927761,BRIGHT MLS,DCDC2018804,N,Y,38.9091255,-77.0680602
MLS Listing,,Townhouse,3345 Q St NW,Washington,DC,20007,3200000,4,4.5,GEORGETOWN,3777,1725,1935,40,847,,Active,December-5-2021 01:00 PM,December-5-2021 03:00 PM,https://www.redfin.com/DC/Washington/3345-Q-St-NW-20007/home/9930509,BRIGHT MLS,DCDC2018210,N,Y,38.9108457,-77.0676554
MLS Listing,,Townhouse,2706 Olive St NW,Washington,DC,20007,3500000,3,3.5,GEORGETOWN,3150,1364,1870,41,1111,,Active,,,https://www.redfin.com/DC/Washington/2706-Olive-St-NW-20007/home/9925637,BRIGHT MLS,DCDC2017774,N,Y,38.9059929,-77.056154
MLS Listing,,Condo/Co-op,3520 W Pl NW #100,Washington,DC,20007,279000,1,1.0,GLOVER PARK,410,,1928,41,680,223,Active,,,https://www.redfin.com/DC/Washington/3520-W-Pl-NW-20007/unit-100/home/9934003,BRIGHT MLS,DCDC2018354,N,Y,38.9185738,-77.0713541
MLS Listing,,Condo/Co-op,2800 Wisconsin Ave NW #107,Washington,DC,20007,214000,0,1.0,OBSERVATORY CIRCLE,510,,1964,43,420,504,Active,,,https://www.redfin.com/DC/Washington/2800-Wisconsin-Ave-NW-20007/unit-107/home/9974207,BRIGHT MLS,DCDC2018190,N,Y,38.9264964,-77.0734771
MLS Listing,,Townhouse,3925 Fulton St NW #6,Washington,DC,20007,799000,2,3.0,OBSERVATORY CIRCLE,1270,,1937,44,629,403,Active,,,https://www.redfin.com/DC/Washington/3925-Fulton-St-NW-20007/unit-6/home/55187980,BRIGHT MLS,DCDC2001271,N,Y,38.9264221,-77.0783688
MLS Listing,,Single Family Residential,2601 Foxhall Rd NW,Washington,DC,20007,6950000,6,7.0,BERKLEY,10500,35770,1935,44,662,,Active,,,https://www.redfin.com/DC/Washington/2601-Foxhall-Rd-NW-20007/home/9937839,BRIGHT MLS,DCDC2018118,N,Y,38.9244297,-77.0894073
MLS Listing,,Condo/Co-op,2655 41st St NW #304,Washington,DC,20007,275265,1,1.0,GLOVER PARK,588,,1939,44,468,450,Active,,,https://www.redfin.com/DC/Washington/2655-41st-St-NW-20007/unit-304/home/9964943,BRIGHT MLS,DCDC2017704,N,Y,38.9244566,-77.0801953
MLS Listing,,Condo/Co-op,2320 Wisconsin Ave NW #405,Washington,DC,20007,418000,1,1.0,GLOVER PARK,698,,1984,44,599,457,Active,,,https://www.redfin.com/DC/Washington/2320-Wisconsin-Ave-NW-20007/unit-405/home/9933816,BRIGHT MLS,DCDC2017866,N,Y,38.9204776,-77.0720511
MLS Listing,,Townhouse,3137 O St NW,Washington,DC,20007,1995000,3,3.5,GEORGETOWN,2460,1885,1900,44,811,,Active,,,https://www.redfin.com/DC/Washington/3137-O-St-NW-20007/home/9928029,BRIGHT MLS,DCDC2017886,N,Y,38.9086025,-77.0626862
MLS Listing,,Condo/Co-op,4100 W St NW #311,Washington,DC,20007,310000,1,1.0,GLOVER PARK,727,,1950,44,426,642,Active,,,https://www.redfin.com/DC/Washington/4100-W-St-NW-20007/unit-311/home/9936769,BRIGHT MLS,DCDC2017936,N,Y,38.9192397,-77.0817637
MLS Listing,,Townhouse,2705 Olive St NW,Washington,DC,20007,3495000,4,4.5,GEORGETOWN,4100,2178,2000,46,852,,Active,,,https://www.redfin.com/DC/Washington/2705-Olive-St-NW-20007/home/9925852,BRIGHT MLS,DCDC2017058,N,Y,38.9062337,-77.056154
MLS Listing,,Townhouse,2735 P St NW,Washington,DC,20007,4595000,4,4.5,GEORGETOWN,3300,2130,1900,50,1392,,Active,,,https://www.redfin.com/DC/Washington/2735-P-St-NW-20007/home/9929667,BRIGHT MLS,DCDC2001581,N,Y,38.9095549,-77.0567837
MLS Listing,,Townhouse,2407 37th St NW,Washington,DC,20007,1449000,4,3.5,GLOVER PARK,2511,2305,1910,51,577,,Active,,,https://www.redfin.com/DC/Washington/2407-37th-St-NW-20007/home/9933346,BRIGHT MLS,DCDC2016956,N,Y,38.921347,-77.0728323
MLS Listing,,Townhouse,2044 37th St NW,Washington,DC,20007,1399000,3,3.5,GLOVER PARK,1850,1615,1927,51,756,,Active,,,https://www.redfin.com/DC/Washington/2044-37th-St-NW-20007/home/9934526,BRIGHT MLS,DCDC2001521,N,Y,38.9179293,-77.073209
MLS Listing,,Condo/Co-op,4000 Tunlaw Rd NW #506,Washington,DC,20007,304900,1,1.0,GLOVER PARK,721,,1960,52,423,719,Active,December-5-2021 02:00 PM,December-5-2021 04:00 PM,https://www.redfin.com/DC/Washington/4000-Tunlaw-Rd-NW-20007/unit-506/home/9959403,BRIGHT MLS,DCDC2001009,N,Y,38.9252674,-77.0804147
MLS Listing,,Townhouse,1331 35th NW,Washington,DC,20007,1400000,3,3.0,GEORGETOWN,2427,1108,1891,52,577,,Active,,,https://www.redfin.com/DC/Washington/1331-35th-St-NW-20007/home/9926324,BRIGHT MLS,DCDC2016102,N,Y,38.9075422,-77.0688808
MLS Listing,,Townhouse,1239 30th St NW,Washington,DC,20007,1225000,2,1.5,GEORGETOWN,1551,995,1900,52,790,,Active,,,https://www.redfin.com/DC/Washington/1239-30th-St-NW-20007/home/9925472,BRIGHT MLS,DCDC2001379,N,Y,38.9064475,-77.0589156
MLS Listing,,Condo/Co-op,2642 39th St NW #2,Washington,DC,20007,575000,2,2.0,GLOVER PARK,851,,2021,54,676,287,Active,,,https://www.redfin.com/DC/Washington/2642-39th-St-NW-20007/unit-2/home/176708252,BRIGHT MLS,DCDC2000279,N,Y,38.9244363,-77.0785487
MLS Listing,,Condo/Co-op,2642 39th St NW #4,Washington,DC,20007,675000,2,2.0,GLOVER PARK,850,,2021,54,794,287,Active,,,https://www.redfin.com/DC/Washington/2642-39th-St-NW-20007/unit-4/home/176708239,BRIGHT MLS,DCDC2000343,N,Y,38.9244363,-77.0785487
MLS Listing,,Condo/Co-op,2642 39th NW Ph 8,Washington,DC,20007,885000,2,2.0,GLOVER PARK,915,,1938,55,967,287,Active,,,https://www.redfin.com/DC/Washington/2642-39th-St-NW-20007/unit-8/home/176705368,BRIGHT MLS,DCDC507844,N,Y,38.9244363,-77.0785487
MLS Listing,,Condo/Co-op,1318 35th St NW #8,Washington,DC,20007,395000,1,1.0,GEORGETOWN,475,,1923,57,832,238,Active,,,https://www.redfin.com/DC/Washington/1318-35th-St-NW-20007/unit-8/home/9926315,BRIGHT MLS,DCDC2000373,N,Y,38.9072264,-77.0692856
MLS Listing,,Condo/Co-op,3267 N St NW #1,Washington,DC,20007,645900,1,1.5,GEORGETOWN,897,,1870,57,720,222,Active,,,https://www.redfin.com/DC/Washington/3267-N-St-NW-20007/unit-1/home/9926567,BRIGHT MLS,DCDC2000545,N,Y,38.9069683,-77.0659129
MLS Listing,,Townhouse,4401 Macarthur Blvd NW,Washington,DC,20007,1100000,3,3.5,PALISADES,1600,1525,1988,60,688,,Active,,,https://www.redfin.com/DC/Washington/4401-MacArthur-Blvd-NW-20007/home/9939268,BRIGHT MLS,DCDC2000051,N,Y,38.9070494,-77.0815726
MLS Listing,,Townhouse,1414 35th NW,Washington,DC,20007,1695000,3,2.0,GEORGETOWN,1530,1769,1900,60,1108,,Active,,,https://www.redfin.com/DC/Washington/1414-35th-St-NW-20007/home/9927624,BRIGHT MLS,DCDC2016090,N,Y,38.908246,-77.0693418
MLS Listing,,Townhouse,2408 37th St NW,Washington,DC,20007,1350000,7,4.0,GLOVER PARK,2504,1433,1927,60,539,,Active,,,https://www.redfin.com/DC/Washington/2408-37th-St-NW-20007/home/9933516,BRIGHT MLS,DCDC2000007,N,Y,38.9212972,-77.0733664
MLS Listing,,Townhouse,3700 T St NW,Washington,DC,20007,2500000,6,5.0,BURLEITH,4193,3500,1926,64,596,,Active,December-5-2021 02:00 PM,December-5-2021 04:00 PM,https://www.redfin.com/DC/Washington/3700-T-St-NW-20007/home/9935987,BRIGHT MLS,DCDC2014866,N,Y,38.9152395,-77.0731078
MLS Listing,,Condo/Co-op,3210 Grace St NW #305,Washington,DC,20007,849900,2,2.5,GEORGETOWN,1210,,1986,65,702,771,Active,,,https://www.redfin.com/DC/Washington/3210-Grace-St-NW-20007/unit-305/home/9924004,BRIGHT MLS,DCDC2016608,N,Y,38.9037887,-77.063507
MLS Listing,,Condo/Co-op,2111 Wisconsin Ave NW #512,Washington,DC,20007,259900,0,1.0,OBSERVATORY CIRCLE,485,,1988,65,536,444,Active,,,https://www.redfin.com/DC/Washington/2111-Wisconsin-Ave-NW-20007/unit-512/home/9933041,BRIGHT MLS,DCDC2016112,N,Y,38.9181061,-77.0686911
MLS Listing,,Townhouse,1345 28th St NW,Washington,DC,20007,1050000,2,1.0,GEORGETOWN,896,740,1900,66,1172,,Active,,,https://www.redfin.com/DC/Washington/1345-28th-St-NW-20007/home/9927027,BRIGHT MLS,DCDC2015758,N,Y,38.9080539,-77.0569073
MLS Listing,,Single Family Residential,4149 Parkglen Ct NW,Washington,DC,20007,3450000,6,6.5,BURLEITH,5600,7996,1995,68,616,475,Active,,,https://www.redfin.com/DC/Washington/4149-Parkglen-Ct-NW-20007/home/9937387,BRIGHT MLS,DCDC2012048,N,Y,38.9172357,-77.0812466
MLS Listing,,Condo/Co-op,2500 Q St NW #117,Washington,DC,20007,345000,0,1.0,GEORGETOWN,542,,1942,71,637,652,Active,,,https://www.redfin.com/DC/Washington/2500-Q-St-NW-20007/unit-117/home/9928758,BRIGHT MLS,DCDC2015612,N,Y,38.9103711,-77.0520839
MLS Listing,,Townhouse,1064 Paper Mill Ct NW,Washington,DC,20007,710000,2,1.0,GEORGETOWN,886,,1900,71,801,550,Active,,,https://www.redfin.com/DC/Washington/1064-Paper-Mill-Ct-20007/unit-1064/home/9923327,BRIGHT MLS,DCDC2014792,N,Y,38.903489,-77.064445
MLS Listing,,Single Family Residential,4115 Parkglen Ct NW,Washington,DC,20007,3849900,5,4.5,BURLEITH,6679,5900,1993,71,576,475,Active,,,https://www.redfin.com/DC/Washington/4115-Parkglen-Ct-NW-20007/home/9937401,BRIGHT MLS,DCDC2015276,N,Y,38.9172498,-77.0795829
MLS Listing,,Condo/Co-op,2531 Q St NW #307,Washington,DC,20007,629000,2,2.0,GEORGETOWN,917,,2002,71,686,687,Active,December-5-2021 01:00 PM,December-5-2021 03:00 PM,https://www.redfin.com/DC/Washington/2531-Q-St-NW-20007/unit-307/home/10186636,BRIGHT MLS,DCDC2015174,N,Y,38.9107149,-77.0546879
MLS Listing,,Townhouse,3040 O St NW,Washington,DC,20007,2595000,4,3.5,GEORGETOWN,4027,2100,1900,72,644,,Active,,,https://www.redfin.com/DC/Washington/3040-O-St-NW-20007/home/9927168,BRIGHT MLS,DCDC2015052,N,Y,38.9082438,-77.0608312
MLS Listing,,Condo/Co-op,2500 Q St NW #119,Washington,DC,20007,387000,1,1.0,GEORGETOWN,730,,1942,73,530,835,Active,,,https://www.redfin.com/DC/Washington/2500-Q-St-NW-20007/unit-119/home/9928782,BRIGHT MLS,DCDC2013470,N,Y,38.9103711,-77.0520839
MLS Listing,,Condo/Co-op,4004 Edmunds St NW #4,Washington,DC,20007,730000,2,2.0,GLOVER PARK,864,,2013,73,845,305,Active,December-5-2021 01:00 PM,December-5-2021 03:00 PM,https://www.redfin.com/DC/Washington/4004-Edmunds-St-NW-20007/unit-4/home/45114027,BRIGHT MLS,DCDC2014524,N,Y,38.9244919,-77.079403
MLS Listing,,Townhouse,3317 Q St NW,Washington,DC,20007,3795000,4,4.5,GEORGETOWN,3435,3000,1900,78,1105,,Active,,,https://www.redfin.com/DC/Washington/3317-Q-St-NW-20007/home/9930532,BRIGHT MLS,DCDC2013976,N,Y,38.9109567,-77.0667673
MLS Listing,,Single Family Residential,2818 38th St NW,Washington,DC,20007,1780000,4,2.5,OBSERVATORY CIRCLE,2901,3900,1932,78,614,,Active,,,https://www.redfin.com/DC/Washington/2818-38th-St-NW-20007/home/9965518,BRIGHT MLS,DCDC2014436,N,Y,38.9269916,-77.0748615
MLS Listing,,Condo/Co-op,2725 39th St NW #415,Washington,DC,20007,399000,1,1.0,GLOVER PARK,869,,1959,79,459,670,Active,December-5-2021 02:00 PM,December-5-2021 04:00 PM,https://www.redfin.com/DC/Washington/2725-39th-St-NW-20007/unit-415/home/11747283,BRIGHT MLS,DCDC2013164,N,Y,38.9253064,-77.0786162
MLS Listing,,Single Family Residential,2337 King Pl NW,Washington,DC,20007,3499900,6,7.5,BERKLEY,6260,6750,2021,79,559,,Active,December-5-2021 12:00 PM,December-5-2021 02:00 PM,https://www.redfin.com/DC/Washington/2337-King-Pl-NW-20007/home/176404412,BRIGHT MLS,DCDC518724,N,Y,38.9214287,-77.0952261
MLS Listing,,Condo/Co-op,3150 South St NW Unit 3F,Washington,DC,20007,6500000,3,4.5,GEORGETOWN,3890,,2003,81,1671,6906,Active,,,https://www.redfin.com/DC/Washington/3150-South-St-NW-20007/unit-3F/home/10190136,BRIGHT MLS,DCDC2013522,N,Y,38.9033254,-77.0620965
MLS Listing,,Single Family Residential,1644 Avon Pl NW,Washington,DC,20007,10000000,6,7.0,GEORGETOWN,5520,15681,1948,82,1812,,Active,,,https://www.redfin.com/DC/Washington/1644-Avon-Pl-NW-20007/home/9931135,BRIGHT MLS,DCDC2013488,N,Y,38.9119109,-77.0613259
MLS Listing,,Condo/Co-op,4100 W St NW #312,Washington,DC,20007,375000,2,1.0,GLOVER PARK,969,,1950,85,387,825,Active,,,https://www.redfin.com/DC/Washington/4100-W-St-NW-20007/unit-312/home/9936770,BRIGHT MLS,DCDC2007986,N,Y,38.9192397,-77.0817637
MLS Listing,,Townhouse,3210 Volta Pl NW,Washington,DC,20007,2995000,4,4.0,GEORGETOWN,3186,2117,1900,86,940,,Active,,,https://www.redfin.com/DC/Washington/3210-Volta-Pl-NW-20007/home/9927952,BRIGHT MLS,DCDC2012568,N,Y,38.9095656,-77.0649781
MLS Listing,,Single Family Residential,1616 Foxhall Rd NW,Washington,DC,20007,2295000,5,5.5,PALISADES,4680,5161,1989,86,490,,Active,December-5-2021 01:00 PM,December-5-2021 03:00 PM,https://www.redfin.com/DC/Washington/1616-Foxhall-Rd-NW-20007/home/9939678,BRIGHT MLS,DCDC2012900,N,Y,38.911414,-77.0847987
MLS Listing,,Condo/Co-op,3901 Tunlaw Rd NW #302,Washington,DC,20007,274999,1,1.0,OBSERVATORY CIRCLE,809,,1952,87,340,520,Active,,,https://www.redfin.com/DC/Washington/3901-Tunlaw-Rd-NW-20007/unit-302/home/9964981,BRIGHT MLS,DCDC2011148,N,Y,38.9259663,-77.0781681
MLS Listing,,Condo/Co-op,2709 N St NW #101,Washington,DC,20007,1995000,3,2.5,GEORGETOWN,1978,,1909,88,1009,448,Active,,,https://www.redfin.com/DC/Washington/2709-N-St-NW-20007/unit-101/home/145428607,BRIGHT MLS,DCDC2011344,N,Y,38.9071348,-77.0562627
MLS Listing,,Single Family Residential,4606 W St NW,Washington,DC,20007,3400000,7,6.0,BERKLEY,5156,7357,1954,95,659,,Active,,,https://www.redfin.com/DC/Washington/4606-W-St-NW-20007/home/55188029,BRIGHT MLS,DCDC2001320,N,Y,38.9189921,-77.0929816
MLS Listing,,Condo/Co-op,2801 New Mexico Ave NW #902,Washington,DC,20007,450000,1,1.0,OBSERVATORY CIRCLE,724,,1966,99,622,920,Active,,,https://www.redfin.com/DC/Washington/2801-New-Mexico-Ave-NW-20007/unit-902/home/9964436,BRIGHT MLS,DCDC2010882,N,Y,38.9267165,-77.0801
MLS Listing,,Condo/Co-op,4866 Macarthur Blvd NW #4,Washington,DC,20007,295000,1,1.0,PALISADES,634,,1940,102,465,479,Active,,,https://www.redfin.com/DC/Washington/4866-MacArthur-Blvd-NW-20007/unit-4/home/9940803,BRIGHT MLS,DCDC2009946,N,Y,38.9175945,-77.0973426
MLS Listing,,Townhouse,1666 33rd St NW,Washington,DC,20007,1575000,3,1.5,GEORGETOWN,1468,1273,1926,103,1073,,Active,,,https://www.redfin.com/DC/Washington/1666-33rd-St-NW-20007/home/51589421,BRIGHT MLS,DCDC2010224,N,Y,38.91248,-77.0663064
MLS Listing,,Condo/Co-op,4595 Macarthur Blvd NW #1,Washington,DC,20007,289900,1,1.0,PALISADES,600,,1954,107,483,249,Active,,,https://www.redfin.com/DC/Washington/4595-MacArthur-Blvd-NW-20007/unit-1/home/12531196,BRIGHT MLS,DCDC2009272,N,Y,38.9108128,-77.0888149
MLS Listing,,Condo/Co-op,4000 Tunlaw Rd NW Unit 112A,Washington,DC,20007,295000,1,1.0,GLOVER PARK,720,,1960,109,410,753,Active,,,https://www.redfin.com/DC/Washington/4000-Tunlaw-Rd-NW-20007/unit-112A/home/9959234,BRIGHT MLS,DCDC2009212,N,Y,38.9252674,-77.0804147
MLS Listing,,Condo/Co-op,3900 Tunlaw Rd NW #604,Washington,DC,20007,329900,2,1.0,GLOVER PARK,1100,,1959,114,300,874,Active,,,https://www.redfin.com/DC/Washington/3900-Tunlaw-Rd-NW-20007/unit-604/home/55663428,BRIGHT MLS,DCDC2008540,N,Y,38.9253096,-77.0779086
MLS Listing,,Condo/Co-op,2720 Wisconsin Ave NW #805,Washington,DC,20007,259900,1,1.0,OBSERVATORY CIRCLE,725,,1940,119,358,722,Active,,,https://www.redfin.com/DC/Washington/2720-Wisconsin-Ave-NW-20007/unit-805/home/143650757,BRIGHT MLS,DCDC2007510,N,Y,38.925743,-77.073657
MLS Listing,,Parking,2500 Q St NW Unit P-51,Washington,DC,20007,45000,0,,GEORGETOWN,,,1942,124,,91,Active,,,https://www.redfin.com/DC/Washington/2500-Q-St-NW-20007/unit-P-51/home/9929402,BRIGHT MLS,DCDC2006960,N,Y,38.9103711,-77.0520839
MLS Listing,,Condo/Co-op,4000 Tunlaw Rd NW #720,Washington,DC,20007,285000,1,1.0,GLOVER PARK,703,,1960,128,405,714,Active,,,https://www.redfin.com/DC/Washington/4000-Tunlaw-Rd-NW-20007/unit-720/home/9959549,BRIGHT MLS,DCDC2006678,N,Y,38.9252674,-77.0804147
MLS Listing,,Condo/Co-op,3030 K St NW #101,Washington,DC,20007,950000,2,2.5,GEORGETOWN,2350,,1984,144,404,4627,Active,,,https://www.redfin.com/DC/Washington/3030-K-St-NW-20007/unit-101/home/9922759,BRIGHT MLS,DCDC2004506,N,Y,38.9016986,-77.0604669
MLS Listing,,Condo/Co-op,4840 Macarthur Blvd NW #308,Washington,DC,20007,319900,1,1.0,PALISADES,720,,1959,145,444,399,Active,,,https://www.redfin.com/DC/Washington/4840-MacArthur-Blvd-NW-20007/unit-308/home/12531147,BRIGHT MLS,DCDC2003598,N,Y,38.9170703,-77.0968742
MLS Listing,,Single Family Residential,2820-2824 O St NW,Washington,DC,20007,11600000,7,8.5,GEORGETOWN,7225,5643,1810,149,1606,,Active,,,https://www.redfin.com/DC/Washington/2820-2824-O-St-NW-20007/home/177100740,BRIGHT MLS,DCDC2003612,N,Y,38.9083137,-77.0579286
MLS Listing,,Condo/Co-op,2735 Olive St NW #3,Washington,DC,20007,1150000,2,2.5,GEORGETOWN,1345,,2002,150,855,882,Active,,,https://www.redfin.com/DC/Washington/2735-Olive-St-NW-20007/unit-3/home/10186592,BRIGHT MLS,DCDC2003304,N,Y,38.9062131,-77.0565057
MLS Listing,,Condo/Co-op,3925 Davis Pl NW #204,Washington,DC,20007,330000,1,1.0,GLOVER PARK,648,,1940,152,509,466,Active,,,https://www.redfin.com/DC/Washington/3925-Davis-Pl-NW-20007/unit-204/home/10186755,BRIGHT MLS,DCDC2003118,N,Y,38.9239296,-77.0783239
MLS Listing,,Townhouse,3313 O St NW,Washington,DC,20007,8495000,6,6.5,GEORGETOWN,6135,3242,1900,165,1385,,Active,,,https://www.redfin.com/DC/Washington/3313-O-St-NW-20007/home/9927434,BRIGHT MLS,DCDC2001396,N,Y,38.907972,-77.0666326
MLS Listing,,Condo/Co-op,3829 Davis Pl NW #1,Washington,DC,20007,300000,1,1.0,GLOVER PARK,595,,1954,171,504,275,Active,,,https://www.redfin.com/DC/Washington/3829-Davis-Pl-NW-20007/unit-1/home/9935159,BRIGHT MLS,DCDC526134,N,Y,38.9238984,-77.0766152
MLS Listing,,Condo/Co-op,1045 31st St NW #506,Washington,DC,20007,1499000,1,1.5,GEORGETOWN,2111,,1980,173,710,1666,Active,,,https://www.redfin.com/DC/Washington/1045-31st-St-NW-20007/unit-506/home/9924170,BRIGHT MLS,DCDC525404,N,Y,38.9038068,-77.0608087
MLS Listing,,Condo/Co-op,2709 N St NW #103,Washington,DC,20007,2395000,3,2.5,GEORGETOWN,2147,,1909,180,1116,490,Active,,,https://www.redfin.com/DC/Washington/2709-N-St-NW-20007/unit-103/home/145428610,BRIGHT MLS,DCDC522752,N,Y,38.9071348,-77.0562627
MLS Listing,,Townhouse,1415 33rd St NW,Washington,DC,20007,2995000,4,4.5,GEORGETOWN,3110,2232,1850,183,963,,Active,December-5-2021 01:00 PM,December-5-2021 03:00 PM,https://www.redfin.com/DC/Washington/1415-33rd-St-NW-20007/home/9927355,BRIGHT MLS,DCDC525194,N,Y,38.9082557,-77.0657591
MLS Listing,,Condo/Co-op,1711 35th St NW #21,Washington,DC,20007,532000,2,2.0,GEORGETOWN,980,,1926,184,543,430,Active,,,https://www.redfin.com/DC/Washington/1711-35th-St-NW-20007/unit-21/home/10174066,BRIGHT MLS,DCDC517396,N,Y,38.9140456,-77.0690832
MLS Listing,,Townhouse,3320 Prospect St NW,Washington,DC,20007,1695000,5,3.0,GEORGETOWN,1898,1260,1900,185,893,,Active,,,https://www.redfin.com/DC/Washington/3320-Prospect-St-NW-20007/home/9925038,BRIGHT MLS,DCDC524618,N,Y,38.9057938,-77.066801
MLS Listing,,Townhouse,3038 N St NW,Washington,DC,20007,8750000,8,5.5,GEORGETOWN,9339,16683,1805,191,937,,Active,,,https://www.redfin.com/DC/Washington/3038-N-St-NW-20007/home/9925359,BRIGHT MLS,DCDC523796,N,Y,38.9066184,-77.0606513
MLS Listing,,Single Family Residential,4615 Dexter St NW,Washington,DC,20007,6400000,5,7.0,BERKLEY,7200,10197,2020,198,889,,Active,,,https://www.redfin.com/DC/Washington/4615-Dexter-St-NW-20007/home/102854082,BRIGHT MLS,DCDC522758,N,Y,38.9253907,-77.0906437
MLS Listing,,Single Family Residential,1224 30th St NW,Washington,DC,20007,10800000,10,7.0,GEORGETOWN,11100,30009,1840,204,973,,Active,,,https://www.redfin.com/DC/Washington/1224-30th-St-NW-20007/home/9925340,BRIGHT MLS,DCDC521836,N,Y,38.9059728,-77.0593696
MLS Listing,,Condo/Co-op,2500 Q St NW #722,Washington,DC,20007,385000,1,1.0,GEORGETOWN,696,,1942,206,553,766,Active,December-5-2021 12:00 PM,December-5-2021 02:00 PM,https://www.redfin.com/DC/Washington/2500-Q-St-NW-20007/unit-722/home/9928830,BRIGHT MLS,DCDC521288,N,Y,38.9103711,-77.0520839
MLS Listing,,Townhouse,2715 N St NW,Washington,DC,20007,5295000,7,7.5,GEORGETOWN,5373,8388,1907,208,985,,Active,,,https://www.redfin.com/DC/Washington/2715-N-St-NW-20007/home/69369936,BRIGHT MLS,DCDC521058,N,Y,38.9071644,-77.0564014
MLS Listing,,Single Family Residential,3730 W St NW,Washington,DC,20007,2995000,5,5.0,GLOVER PARK,4700,5165,1931,215,637,,Active,,,https://www.redfin.com/DC/Washington/3730-W-St-NW-20007/home/9934579,BRIGHT MLS,DCDC518612,N,Y,38.9189368,-77.074232
MLS Listing,,Condo/Co-op,3303 Water St NW Ph 8H,Washington,DC,20007,6500000,3,3.0,GEORGETOWN,2900,,2004,215,2241,4331,Active,,,https://www.redfin.com/DC/Washington/3303-Water-St-NW-20007/unit-8H/home/10344157,BRIGHT MLS,DCDC518634,N,Y,38.9040618,-77.0666549
MLS Listing,,Condo/Co-op,2709 N St NW #102,Washington,DC,20007,2195000,3,2.5,GEORGETOWN,2154,,1909,226,1019,448,Active,,,https://www.redfin.com/DC/Washington/2709-N-St-NW-20007/unit-102/home/145428609,BRIGHT MLS,DCDC518460,N,Y,38.9071348,-77.0562627
MLS Listing,,Single Family Residential,2254 48th St NW,Washington,DC,20007,2500000,6,5.0,BERKLEY,5000,13500,2020,242,500,,Active,,,https://www.redfin.com/DC/Washington/2254-48th-St-NW-20007/home/9941132,BRIGHT MLS,DCDC515624,N,Y,38.9213939,-77.0945374
MLS Listing,,Single Family Residential,3222 Scott Pl NW,Washington,DC,20007,3250000,2,3.5,GEORGETOWN,3320,2719,1956,257,979,,Active,,,https://www.redfin.com/DC/Washington/3222-Scott-Pl-NW-20007/home/9930738,BRIGHT MLS,DCDC512614,N,Y,38.911896,-77.064682
MLS Listing,,Condo/Co-op,2900 K St NW #601,Washington,DC,20007,12000000,4,5.0,GEORGETOWN,6000,,2008,263,2000,5643,Active,,,https://www.redfin.com/DC/Washington/2900-K-St-NW-20007/unit-601/home/21646011,BRIGHT MLS,DCDC510900,N,Y,38.9014074,-77.05874
MLS Listing,,Condo/Co-op,4000 Tunlaw Rd NW #617,Washington,DC,20007,295000,1,1.0,GLOVER PARK,690,,1960,277,428,677,Active,,,https://www.redfin.com/DC/Washington/4000-Tunlaw-Rd-NW-20007/unit-617/home/9959490,BRIGHT MLS,DCDC510204,N,Y,38.9252674,-77.0804147
MLS Listing,,Single Family Residential,2816 O St NW,Washington,DC,20007,4295000,4,4.5,GEORGETOWN,3525,3131,1900,318,1218,,Active,,,https://www.redfin.com/DC/Washington/2816-O-St-NW-20007/home/9927071,BRIGHT MLS,DCDC503716,N,Y,38.9083367,-77.0577281
MLS Listing,,Condo/Co-op,3150 South St NW Ph 2C,Washington,DC,20007,14500000,3,4.0,GEORGETOWN,5503,,2003,326,2635,9415,Active,,,https://www.redfin.com/DC/Washington/3150-South-St-NW-20007/unit-2C/home/10190114,BRIGHT MLS,DCDC503438,N,Y,38.9033254,-77.0620965
MLS Listing,,Single Family Residential,4400 Garfield St NW,Washington,DC,20007,9495000,8,10.0,WESLEY HEIGHTS,12817,22075,1930,425,741,,Active,,,https://www.redfin.com/DC/Washington/4400-Garfield-St-NW-20007/home/9956216,BRIGHT MLS,DCDC490400,N,Y,38.9272367,-77.0865297
MLS Listing,,Townhouse,3327 N St NW,Washington,DC,20007,5750000,5,7.5,GEORGETOWN,7175,4385,1817,436,801,,Active,,,https://www.redfin.com/DC/Washington/3327-N-St-NW-20007/home/9926479,BRIGHT MLS,DCDC488690,N,Y,38.9069892,-77.067172
PAST SALE,February-15-2019,Condo/Co-op,3299 K St NW #402,Washington,DC,20007,595000,1,1.5,GEORGETOWN,908,190,1978,1023,655,606,Sold,,,https://www.redfin.com/DC/Washington/3299-K-St-NW-20007/unit-402/home/9923875,BRIGHT MLS,DCDC309592,N,Y,38.9033129,-77.0646312
PAST SALE,February-7-2020,Townhouse,1033 Cecil Pl NW,Washington,DC,20007,825000,1,2.0,GEORGETOWN,936,534,1900,666,881,,Sold,,,https://www.redfin.com/DC/Washington/1033-Cecil-Pl-NW-20007/home/9923936,BRIGHT MLS,DCDC451578,N,Y,38.9035054,-77.063809
PAST SALE,September-12-2019,Townhouse,3759 Benton St NW,Washington,DC,20007,1015000,4,2.0,GLOVER PARK,1942,1728,1929,814,523,,Sold,,,https://www.redfin.com/DC/Washington/3759-Benton-St-NW-20007/home/9934133,BRIGHT MLS,DCDC436032,N,Y,38.9208902,-77.0759969
PAST SALE,September-13-2021,Condo/Co-op,3937 Davis Pl NW #1,Washington,DC,20007,629000,2,2.0,GLOVER PARK,902,,1938,82,697,275,Sold,,,https://www.redfin.com/DC/Washington/3937-Davis-Pl-NW-20007/unit-1/home/45484395,BRIGHT MLS,DCDC2003546,N,Y,38.9238093,-77.0786835
PAST SALE,October-8-2020,Condo/Co-op,1047 Paper Mill Ct NW #1047,Washington,DC,20007,533500,2,1.5,GEORGETOWN,886,,1900,422,602,550,Sold,,,https://www.redfin.com/DC/Washington/1047-Paper-Mill-Ct-20007/unit-1047/home/9923195,BRIGHT MLS,DCDC491064,N,Y,38.903489,-77.064445
PAST SALE,March-22-2019,Condo/Co-op,2735 Olive St NW #1,Washington,DC,20007,759500,1,1.0,GEORGETOWN,764,729,2002,988,994,435,Sold,,,https://www.redfin.com/DC/Washington/2735-Olive-St-NW-20007/unit-1/home/10186587,BRIGHT MLS,DCDC365654,N,Y,38.9062131,-77.0565057
PAST SALE,April-18-2019,Townhouse,2204 Tunlaw Rd NW,Washington,DC,20007,930000,3,2.0,GLOVER PARK,1716,1973,1928,961,542,,Sold,,,https://www.redfin.com/DC/Washington/2204-Tunlaw-Rd-NW-20007/home/9934616,BRIGHT MLS,DCDC399776,N,Y,38.9195634,-77.073307
PAST SALE,March-16-2021,Townhouse,1045 Paper Mill Ct NW #1045,Washington,DC,20007,700000,2,1.0,GEORGETOWN,950,,1900,263,737,550,Sold,,,https://www.redfin.com/DC/Washington/1045-Paper-Mill-Ct-20007/unit-1045/home/9923193,BRIGHT MLS,DCDC504446,N,Y,38.903489,-77.064445
PAST SALE,August-21-2020,Condo/Co-op,1015 33rd St NW #702,Washington,DC,20007,1200000,2,2.5,GEORGETOWN,2700,,1985,470,444,2081,Sold,,,https://www.redfin.com/DC/Washington/1015-33rd-St-NW-20007/unit-702/home/9923096,BRIGHT MLS,DCDC460194,N,Y,38.903736,-77.065509
PAST SALE,May-16-2019,Townhouse,2715 Dumbarton St NW,Washington,DC,20007,1663000,4,3.0,GEORGETOWN,2424,2625,1937,933,686,,Sold,,,https://www.redfin.com/DC/Washington/2715-Dumbarton-St-NW-20007/home/9926969,BRIGHT MLS,DCDC422090,N,Y,38.9078503,-77.0563452
PAST SALE,November-18-2020,Townhouse,1005 Paper Mill Ct NW #1005,Washington,DC,20007,665000,2,1.0,GEORGETOWN,950,,1981,381,700,550,Sold,,,https://www.redfin.com/DC/Washington/1005-Paper-Mill-Ct-20007/unit-1005/home/9923112,BRIGHT MLS,DCDC481798,N,Y,38.903489,-77.064445
PAST SALE,March-14-2019,Condo/Co-op,3241 N St NW #1,Washington,DC,20007,360000,1,1.0,GEORGETOWN,402,557,1820,996,896,285,Sold,,,https://www.redfin.com/DC/Washington/3241-N-St-NW-20007/unit-1/home/9926623,BRIGHT MLS,DCDC364726,N,Y,38.9070327,-77.0646987
PAST SALE,December-7-2018,Condo/Co-op,1015 33rd St NW #508,Washington,DC,20007,790000,2,2.0,GEORGETOWN,1497,,1985,1093,528,1200,Sold,,,https://www.redfin.com/DC/Washington/1015-33rd-St-NW-20007/unit-508/home/9923013,BRIGHT MLS,1002352830,N,Y,38.903736,-77.065509
PAST SALE,January-14-2020,Single Family Residential,1607 28th St NW,Washington,DC,20007,12000000,8,9.5,GEORGETOWN,8947,13200,1900,690,1341,,Sold,,,https://www.redfin.com/DC/Washington/1607-28th-St-NW-20007/home/11747236,BRIGHT MLS,DCDC454940,N,Y,38.9109293,-77.0568736
PAST SALE,September-25-2019,Townhouse,3232 O St NW,Washington,DC,20007,1775000,4,4.0,GEORGETOWN,2919,3211,1900,801,608,,Sold,,,https://www.redfin.com/DC/Washington/3232-O-St-NW-20007/home/9926594,BRIGHT MLS,DCDC400416,N,Y,38.9075756,-77.06462
PAST SALE,May-8-2019,Condo/Co-op,1015 33rd St NW #505,Washington,DC,20007,770000,2,2.5,GEORGETOWN,1527,432,1985,941,504,1247,Sold,,,https://www.redfin.com/DC/Washington/1015-33rd-St-NW-20007/unit-505/home/9923003,BRIGHT MLS,DCDC401428,N,Y,38.903736,-77.065509
PAST SALE,March-26-2020,Condo/Co-op,1015 33rd St NW #413,Washington,DC,20007,514000,1,1.5,GEORGETOWN,883,,1985,618,582,670,Sold,,,https://www.redfin.com/DC/Washington/1015-33rd-St-NW-20007/unit-413/home/9922993,BRIGHT MLS,DCDC449294,N,Y,38.903736,-77.065509
PAST SALE,August-16-2019,Townhouse,2445 Tunlaw Rd NW,Washington,DC,20007,1049000,3,2.5,GLOVER PARK,1748,3259,1926,841,600,,Sold,,,https://www.redfin.com/DC/Washington/2445-Tunlaw-Rd-NW-20007/home/9933465,BRIGHT MLS,DCDC435650,N,Y,38.9218894,-77.0741539
PAST SALE,October-4-2021,Condo/Co-op,1015 33rd St NW #409,Washington,DC,20007,550000,1,1.5,GEORGETOWN,1018,,1985,61,540,774,Sold,,,https://www.redfin.com/DC/Washington/1015-33rd-St-NW-20007/unit-409/home/9922988,BRIGHT MLS,DCDC523344,N,Y,38.903736,-77.065509
PAST SALE,October-15-2019,Townhouse,3408 O St NW,Washington,DC,20007,1200000,4,3.0,GEORGETOWN,1827,1029,1920,781,657,,Sold,,,https://www.redfin.com/DC/Washington/3408-O-St-NW-20007/home/9926390,BRIGHT MLS,DCDC442196,N,Y,38.9075599,-77.068232
PAST SALE,January-20-2021,Condo/Co-op,3303 Water St NW Unit 6O,Washington,DC,20007,1925000,1,2.0,GEORGETOWN,1725,,2004,318,1116,2635,Sold,,,https://www.redfin.com/DC/Washington/3303-Water-St-NW-20007/unit-6O/home/10344197,BRIGHT MLS,DCDC490940,N,Y,38.9040618,-77.0666549
PAST SALE,April-26-2019,Townhouse,4474 Reservoir Rd NW,Washington,DC,20007,870000,4,2.0,FOXHALL,1664,1585,1926,953,523,,Sold,,,https://www.redfin.com/DC/Washington/4474-Reservoir-Rd-NW-20007/home/9937950,BRIGHT MLS,DCDC400232,N,Y,38.9122061,-77.0839891
PAST SALE,March-20-2020,Condo/Co-op,3303 Water St NW Unit 5O,Washington,DC,20007,1035000,1,1.0,GEORGETOWN,1290,,2004,624,802,1833,Sold,,,https://www.redfin.com/DC/Washington/3303-Water-St-NW-20007/unit-5O/home/10344196,BRIGHT MLS,DCDC436604,N,Y,38.9040618,-77.0666549
PAST SALE,July-30-2021,Condo/Co-op,3303 Water St NW Unit 2N,Washington,DC,20007,970000,1,1.0,GEORGETOWN,1184,,2004,127,819,1876,Sold,,,https://www.redfin.com/DC/Washington/3303-Water-St-NW-20007/unit-2N/home/10344183,BRIGHT MLS,DCDC526390,N,Y,38.9040618,-77.0666549
PAST SALE,,Single Family Residential,1605 45th St NW,Washington,DC,20007,1250000,3,3.0,,1198,5260,1949,,1043,,,,,https://www.redfin.com/DC/Washington/1605-45th-St-NW-20007/home/9939641,,,N,Y,38.9106919,-77.0851584
PAST SALE,January-15-2019,Condo/Co-op,3303 Water St NW Unit 5M,Washington,DC,20007,2000000,2,2.0,GEORGETOWN,1794,,2004,1054,1115,2454,Sold,,,https://www.redfin.com/DC/Washington/3303-Water-St-NW-20007/unit-5M/home/10344181,BRIGHT MLS,1006259524,N,Y,38.9040618,-77.0666549
PAST SALE,,Multi-Family (5+ Unit),1234 34th St NW,Washington,DC,20007,3000000,,,,6120,3139,1924,,490,,,,,https://www.redfin.com/DC/Washington/1234-34th-St-NW-20007/home/9926094,,,N,Y,38.9062912,-77.0680383
PAST SALE,June-11-2020,Condo/Co-op,3303 Water St NW Unit 2M,Washington,DC,20007,2195000,2,2.0,GEORGETOWN,1806,,2004,541,1215,2562,Sold,,,https://www.redfin.com/DC/Washington/3303-Water-St-NW-20007/unit-2M/home/10344177,BRIGHT MLS,DCDC466376,N,Y,38.9040618,-77.0666549
PAST SALE,,Condo/Co-op,4100 W St NW #101,Washington,DC,20007,225000,2,1.0,,973,,1950,,231,,,,,https://www.redfin.com/DC/Washington/4100-W-St-NW-20007/unit-101/home/9936700,,,N,Y,38.9192397,-77.0817637
PAST SALE,April-27-2021,Condo/Co-op,2801 New Mexico Ave NW #911,Washington,DC,20007,649000,2,2.5,OBSERVATORY CIRCLE,1877,,1966,221,346,2251,Sold,,,https://www.redfin.com/DC/Washington/2801-New-Mexico-Ave-NW-20007/unit-911/home/9964455,BRIGHT MLS,DCDC503442,N,Y,38.9267165,-77.0801
PAST SALE,,Single Family Residential,4918 Ashby St NW,Washington,DC,20007,1105000,3,2.5,,1123,7500,1950,,984,,,,,https://www.redfin.com/DC/Washington/4918-Ashby-St-NW-20007/home/9940985,,,N,Y,38.9200222,-77.0975224
PAST SALE,July-15-2019,Condo/Co-op,1015 33rd St NW #703,Washington,DC,20007,815000,2,2.5,GEORGETOWN,1527,432,1985,873,534,1247,Sold,,,https://www.redfin.com/DC/Washington/1015-33rd-St-NW-20007/unit-703/home/9923042,BRIGHT MLS,DCDC422252,N,Y,38.9038886,-77.0658008
PAST SALE,September-18-2020,Condo/Co-op,3303 Water St NW Unit 5K,Washington,DC,20007,983750,1,1.0,GEORGETOWN,895,,2004,442,1099,1298,Sold,,,https://www.redfin.com/DC/Washington/3303-Water-St-NW-20007/unit-5K/home/10344167,BRIGHT MLS,DCDC453132,N,Y,38.9040618,-77.0666549
PAST SALE,January-31-2019,Townhouse,4526 Westhall Dr NW,Washington,DC,20007,1725000,3,4.5,PALISADES,4130,2802,2014,1038,418,323,Sold,,,https://www.redfin.com/DC/Washington/4526-Westhall-Dr-20007/home/44641058,BRIGHT MLS,1000183632,N,Y,38.906493,-77.0833939
PAST SALE,,Parking,3030 K St NW Unit P116,Washington,DC,20007,55000,,,,,,,,,,,,,https://www.redfin.com/DC/Washington/3030-K-St-NW-20007/unit-P116/home/9922891,,,N,Y,38.9016986,-77.0604669
PAST SALE,,Parking,3030 K St NW Unit P107,Washington,DC,20007,72000,,,,,,,,,,,,,https://www.redfin.com/DC/Washington/3030-K-St-NW-20007/unit-P107/home/9922868,,,N,Y,38.9016986,-77.0604669
PAST SALE,,Condo/Co-op,2800 Wisconsin Ave NW #610,Washington,DC,20007,199000,1,1.0,,466,,1964,,427,,,,,https://www.redfin.com/DC/Washington/2800-Wisconsin-Ave-NW-20007/unit-610/home/9974286,,,N,Y,38.9264964,-77.0734771
PAST SALE,April-27-2020,Townhouse,3030 W Lane NW,Washington,DC,20007,2275000,5,4.5,GEORGETOWN,4332,2673,1959,586,525,,Sold,,,https://www.redfin.com/DC/Washington/3030-W-Lane-NW-20007/home/173316517,BRIGHT MLS,DCDC466768,N,Y,38.90379614,-77.05732181
PAST SALE,August-6-2020,Townhouse,3524 - 3526 K St NW,Washington,DC,20007,3025000,6,7.5,GEORGETOWN,4923,4923,1959,485,614,,Sold,,,https://www.redfin.com/DC/Washington/3524-Water-St-NW-20007/home/9922958,BRIGHT MLS,DCDC457410,N,Y,38.9041216,-77.0698701
PAST SALE,December-12-2018,Condo/Co-op,3251 Prospect St NW #301,Washington,DC,20007,1300000,2,2.0,GEORGETOWN,1500,,1980,1088,867,1192,Sold,,,https://www.redfin.com/DC/Washington/3251-Prospect-St-NW-20007/unit-301/home/11747190,BRIGHT MLS,1000297222,N,Y,38.906237,-77.0638667
PAST SALE,March-3-2020,Condo/Co-op,3030 K St NW Ph 217,Washington,DC,20007,3500000,3,3.5,GEORGETOWN,3700,,1984,641,946,8335,Sold,,,https://www.redfin.com/DC/Washington/3030-K-St-NW-20007/unit-217/home/9922836,BRIGHT MLS,DCDC443650,N,Y,38.9016986,-77.0604669
PAST SALE,July-23-2020,Townhouse,4457 Macarthur Blvd NW,Washington,DC,20007,1125000,3,2.5,PALISADES,2750,4700,1905,499,409,,Sold,,,https://www.redfin.com/DC/Washington/4457-MacArthur-Blvd-NW-20007/home/9939269,BRIGHT MLS,DCDC447342,N,Y,38.9081412,-77.0835662
PAST SALE,,Condo/Co-op,2735 Olive St NW #10,Washington,DC,20007,994259,2,2.0,,1075,,2002,,925,,,,,https://www.redfin.com/DC/Washington/2735-Olive-St-NW-20007/unit-10/home/10186604,,,N,Y,38.9062131,-77.0565057
PAST SALE,June-1-2021,Condo/Co-op,3030 K St NW #210,Washington,DC,20007,1100000,2,2.0,GEORGETOWN,2528,,1984,186,435,5056,Sold,,,https://www.redfin.com/DC/Washington/3030-K-St-NW-20007/unit-210/home/9922820,BRIGHT MLS,DCDC505220,N,Y,38.9016986,-77.0604669
PAST SALE,June-9-2021,Condo/Co-op,2800 Wisconsin Ave NW #308,Washington,DC,20007,215000,0,1.0,OBSERVATORY CIRCLE,528,,1964,178,407,515,Sold,,,https://www.redfin.com/DC/Washington/2800-Wisconsin-Ave-NW-20007/unit-308/home/9974235,BRIGHT MLS,DCDC518684,N,Y,38.9264964,-77.0734771
PAST SALE,February-14-2020,Condo/Co-op,2140 Wisconsin Ave NW #6,Washington,DC,20007,740000,2,2.5,GLOVER PARK,1400,,2014,659,529,446,Sold,,,https://www.redfin.com/DC/Washington/2140-Wisconsin-Ave-NW-20007/unit-6/home/80160996,BRIGHT MLS,DCDC454412,N,Y,38.9186485,-77.0705896
PAST SALE,March-25-2021,Townhouse,2702 N St NW,Washington,DC,20007,912000,2,1.5,GEORGETOWN,720,540,1891,254,1267,,Sold,,,https://www.redfin.com/DC/Washington/2702-N-St-NW-20007/home/9925879,BRIGHT MLS,DCDC510584,N,Y,38.9067465,-77.0559854
PAST SALE,May-17-2021,Townhouse,1239 28th St NW,Washington,DC,20007,1095000,2,1.0,GEORGETOWN,1547,869,1900,201,708,,Sold,,,https://www.redfin.com/DC/Washington/1239-28th-St-NW-20007/home/9925809,BRIGHT MLS,DCDC515922,N,Y,38.9064663,-77.0568849
PAST SALE,August-20-2020,Condo/Co-op,3030 K St NW Ph 207,Washington,DC,20007,542500,1,1.5,GEORGETOWN,1568,7,1984,471,346,3400,Sold,,,https://www.redfin.com/DC/Washington/3030-K-St-NW-20007/unit-207/home/9922812,BRIGHT MLS,DCDC478370,N,Y,38.9016986,-77.0604669
PAST SALE,,Single Family Residential,1231 Potomac St NW,Washington,DC,20007,1200000,2,2.0,,1224,841,1880,,980,,,,,https://www.redfin.com/DC/Washington/1231-Potomac-St-NW-20007/home/9925912,,,N,Y,38.906219,-77.0650472
PAST SALE,,Single Family Residential,1233 Potomac St NW,Washington,DC,20007,1050000,4,1.5,,1152,752,1880,,911,,,,,https://www.redfin.com/DC/Washington/1233-Potomac-St-NW-20007/home/9925915,,,N,Y,38.9062591,-77.0650472
PAST SALE,,Townhouse,1237 Potomac St NW,Washington,DC,20007,1550000,4,3.5,,1516,1101,1880,,1022,,,,,https://www.redfin.com/DC/Washington/1237-Potomac-St-NW-20007/home/9925887,,,N,Y,38.9064397,-77.0650472
PAST SALE,November-26-2019,Single Family Residential,1522 Foxhall Rd NW,Washington,DC,20007,1800000,5,4.5,PALISADES,4320,3180,2018,739,417,,Sold,,,https://www.redfin.com/DC/Washington/1522-Foxhall-Rd-NW-20007/home/9939317,BRIGHT MLS,DCDC451642,N,Y,38.9091947,-77.0831688
PAST SALE,February-12-2019,Condo/Co-op,3251 Prospect St NW #310,Washington,DC,20007,612500,1,1.0,GEORGETOWN,866,,1980,1026,707,750,Sold,,,https://www.redfin.com/DC/Washington/3251-Prospect-St-NW-20007/unit-310/home/11747199,BRIGHT MLS,1002289746,N,Y,38.906237,-77.0638667
PAST SALE,September-9-2019,Condo/Co-op,3251 Prospect St NW #318,Washington,DC,20007,840000,2,2.0,GEORGETOWN,1145,694,1980,817,734,892,Sold,,,https://www.redfin.com/DC/Washington/3251-Prospect-St-NW-20007/unit-318/home/11747207,BRIGHT MLS,DCDC435514,N,Y,38.906237,-77.0638667
PAST SALE,May-20-2021,Condo/Co-op,3251 Prospect St NW Ph 406,Washington,DC,20007,2300000,3,2.5,GEORGETOWN,2622,,1980,198,877,2642,Sold,,,https://www.redfin.com/DC/Washington/3251-Prospect-St-NW-20007/unit-406/home/11747215,BRIGHT MLS,DCDC517168,N,Y,38.906237,-77.0638667
PAST SALE,August-10-2021,Condo/Co-op,3251 Prospect St NW #408,Washington,DC,20007,615000,1,1.0,GEORGETOWN,720,,1980,116,854,788,Sold,,,https://www.redfin.com/DC/Washington/3251-Prospect-St-NW-20007/unit-408/home/11747217,BRIGHT MLS,DCDC2003152,N,Y,38.906237,-77.0638667
PAST SALE,January-13-2020,Townhouse,4478 Reservoir Rd NW,Washington,DC,20007,850000,4,2.0,FOXHALL,1261,2144,1925,691,674,,Sold,,,https://www.redfin.com/DC/Washington/4478-Reservoir-Rd-NW-20007/home/9937947,BRIGHT MLS,DCDC446738,N,Y,38.9121975,-77.0841804
PAST SALE,June-14-2019,Townhouse,1243 34th St NW,Washington,DC,20007,1300000,3,2.5,GEORGETOWN,1756,2375,1900,904,740,,Sold,,,https://www.redfin.com/DC/Washington/1243-34th-St-NW-20007/home/9926023,BRIGHT MLS,DCDC422188,N,Y,38.9064509,-77.067533
PAST SALE,August-28-2020,Townhouse,1239 33rd St NW,Washington,DC,20007,1165000,2,2.5,GEORGETOWN,1824,1006,1900,463,639,,Sold,,,https://www.redfin.com/DC/Washington/1239-33rd-St-NW-20007/home/9925953,BRIGHT MLS,DCDC477340,N,Y,38.9062974,-77.0659241
PAST SALE,July-30-2020,Townhouse,3264 N St NW,Washington,DC,20007,2195000,3,3.5,GEORGETOWN,2901,2635,1857,492,757,,Sold,,,https://www.redfin.com/DC/Washington/3264-N-St-NW-20007/home/10344205,BRIGHT MLS,DCDC468316,N,Y,38.9066972,-77.065643
PAST SALE,July-31-2019,Single Family Residential,3317 Prospect St NW,Washington,DC,20007,4350000,5,5.0,GEORGETOWN,4375,2271,2015,857,994,533,Sold,,,https://www.redfin.com/DC/Washington/3317-Prospect-St-NW-20007/home/21925843,BRIGHT MLS,DCDC421286,N,Y,38.9060958,-77.0663626
PAST SALE,September-8-2021,Townhouse,2613 Dumbarton St NW,Washington,DC,20007,6195000,4,5.5,GEORGETOWN,5117,7200,1900,87,1211,,Sold,,,https://www.redfin.com/DC/WASHINGTON/2613-DUMBARTON-ST-NW-20007/home/9926956,BRIGHT MLS,DCDC2009052,N,Y,38.907964,-77.055411
PAST SALE,October-27-2021,Condo/Co-op,2501 Wisconsin Ave NW #4,Washington,DC,20007,1025000,2,2.0,OBSERVATORY CIRCLE,1550,,2006,38,661,896,Sold,,,https://www.redfin.com/DC/Washington/2501-Wisconsin-Ave-NW-20007/unit-4/home/11747356,BRIGHT MLS,DCDC2005778,N,Y,38.9227999,-77.0723659
PAST SALE,May-8-2020,Townhouse,3229 Reservoir Rd NW,Washington,DC,20007,2275000,5,4.5,GEORGETOWN,2728,2842,1937,575,834,,Sold,,,https://www.redfin.com/DC/Washington/3229-Reservoir-Rd-NW-20007/home/9930622,BRIGHT MLS,DCDC468224,N,Y,38.912874,-77.06502
PAST SALE,June-12-2020,Condo/Co-op,3329 Prospect St NW Ph 6,Washington,DC,20007,3650000,4,3.5,GEORGETOWN,4550,,1880,540,802,3394,Sold,,,https://www.redfin.com/DC/Washington/3329-Prospect-St-NW-20007/unit-6/home/21644205,BRIGHT MLS,DCDC462278,N,Y,38.906189,-77.0670146
PAST SALE,,Townhouse,3422 N St NW,Washington,DC,20007,1250000,3,2.5,,1684,1867,1900,,742,,,,,https://www.redfin.com/DC/Washington/3422-N-St-NW-20007/home/10344208,,,N,Y,38.9066275,-77.0686279
PAST SALE,,Townhouse,3402 N St NW,Washington,DC,20007,950000,3,1.5,,1019,1030,1900,,932,,,,,https://www.redfin.com/DC/Washington/3402-N-St-NW-20007/home/9926119,,,N,Y,38.9066392,-77.0680413
PAST SALE,May-1-2019,Multi-Family (2-4 Unit),3405 Prospect St NW,Washington,DC,20007,2625000,,,GEORGETOWN,,2772,1923,948,,,Sold,,,https://www.redfin.com/DC/Washington/3405-Prospect-St-NW-20007/home/9926098,BRIGHT MLS,DCDC262126,N,Y,38.906104,-77.06811
PAST SALE,August-7-2020,Townhouse,1244 34th St NW,Washington,DC,20007,977000,2,1.5,GEORGETOWN,1064,933,1865,484,918,,Sold,,,https://www.redfin.com/DC/Washington/1244-34th-St-NW-20007/home/9926134,BRIGHT MLS,DCDC474532,N,Y,38.9065671,-77.0679702
PAST SALE,,Parking,O ST NW,WASHINGTON,DC,20007,44280,,,,,301,,,,,,,,https://www.redfin.com/DC/WASHINGTON/O-ST-NW-20007/home/166668589,,,N,Y,38.907454,-77.068578
PAST SALE,June-24-2020,Townhouse,1317 35th St NW,Washington,DC,20007,1700000,3,3.0,GEORGETOWN,1991,1931,1910,528,854,,Sold,,,https://www.redfin.com/DC/Washington/1317-35th-St-NW-20007/home/9926336,BRIGHT MLS,DCDC458374,N,Y,38.907265,-77.0688246
PAST SALE,June-5-2020,Condo/Co-op,3030 K St NW Ph 206,Washington,DC,20007,610000,2,2.5,GEORGETOWN,1802,,1984,547,339,3764,Sold,,,https://www.redfin.com/DC/Washington/3030-K-St-NW-20007/unit-206/home/9922808,BRIGHT MLS,DCDC422810,N,Y,38.9016986,-77.0604669
PAST SALE,April-6-2021,Townhouse,1312 33rd St NW,Washington,DC,20007,1650000,3,2.5,GEORGETOWN,1611,1191,1865,242,1024,,Sold,,,https://www.redfin.com/DC/Washington/1312-33rd-St-NW-20007/home/12531213,BRIGHT MLS,DCDC505164,N,Y,38.9072331,-77.0662164
PAST SALE,August-23-2019,Townhouse,3258 O St NW,Washington,DC,20007,2350000,3,3.5,GEORGETOWN,3952,3785,1865,834,595,,Sold,,,https://www.redfin.com/DC/Washington/3258-O-St-NW-20007/home/10183536,BRIGHT MLS,DCDC430220,N,Y,38.9075952,-77.065778
PAST SALE,July-2-2020,Single Family Residential,3332 O St NW,Washington,DC,20007,3350000,4,4.5,GEORGETOWN,3920,3866,1816,520,855,,Sold,,,https://www.redfin.com/DC/Washington/3332-O-St-NW-20007/home/10344209,BRIGHT MLS,DCDC440694,N,Y,38.9075662,-77.0673069
PAST SALE,November-4-2019,Single Family Residential,3322 O St NW,Washington,DC,20007,7000000,8,6.0,GEORGETOWN,7310,9517,1900,761,958,,Sold,,,https://www.redfin.com/DC/Washington/3322-O-St-NW-20007/home/9926471,BRIGHT MLS,DCDC449114,N,Y,38.9076212,-77.0670821
PAST SALE,,Parking,3325 N St NW,Washington,DC,20007,7700000,,,,,692,,,,,,,,https://www.redfin.com/DC/Washington/3325-N-St-NW-20007/home/166656033,,,N,Y,38.9069503,-77.0670933
PAST SALE,March-31-2021,Condo/Co-op,3267 N St NW #3,Washington,DC,20007,795000,2,2.0,GEORGETOWN,1120,,1870,248,710,260,Sold,,,https://www.redfin.com/DC/Washington/3267-N-St-NW-20007/unit-3/home/9926571,BRIGHT MLS,DCDC496600,N,Y,38.9069683,-77.0659129
PAST SALE,November-13-2019,Condo/Co-op,3237 N St NW #17,Washington,DC,20007,410000,2,1.0,GEORGETOWN,456,816,1900,752,899,325,Sold,,,https://www.redfin.com/DC/Washington/3237-N-St-NW-20007/unit-17/home/9926618,BRIGHT MLS,DCDC439852,N,Y,38.9070877,-77.0644738
PAST SALE,October-14-2021,Condo/Co-op,4114 Davis Pl NW #207,Washington,DC,20007,315000,1,1.0,GLOVER PARK,704,,1955,51,447,320,Sold,,,https://www.redfin.com/DC/Washington/4114-Davis-Pl-NW-20007/unit-207/home/9959084,BRIGHT MLS,DCDC2010082,N,Y,38.9231514,-77.0815838
PAST SALE,July-1-2021,Condo/Co-op,3241 N St NW #2,Washington,DC,20007,800000,2,2.5,GEORGETOWN,1427,,1820,156,561,601,Sold,,,https://www.redfin.com/DC/Washington/3241-N-St-NW-20007/unit-2/home/9926625,BRIGHT MLS,DCDC522338,N,Y,38.9070327,-77.0646987
PAST SALE,April-24-2019,Condo/Co-op,3241 N St NW #3,Washington,DC,20007,730000,2,2.5,GEORGETOWN,1053,1239,1820,955,693,633,Sold,,,https://www.redfin.com/DC/Washington/3241-N-St-NW-20007/unit-3/home/9926628,BRIGHT MLS,DCDC309400,N,Y,38.9069683,-77.0648748
PAST SALE,July-1-2021,Single Family Residential,3129 N St NW,Washington,DC,20007,3788000,4,3.5,GEORGETOWN,3650,3600,1890,156,1038,,Sold,,,https://www.redfin.com/DC/Washington/3129-N-St-NW-20007/home/9926683,BRIGHT MLS,DCDC511650,N,Y,38.9070059,-77.0623152
PAST SALE,August-16-2021,Townhouse,3024 Dumbarton St NW,Washington,DC,20007,4500000,3,3.0,GEORGETOWN,4872,2880,1959,110,924,,Sold,,,https://www.redfin.com/DC/Washington/3024-Dumbarton-St-NW-20007/home/9926714,BRIGHT MLS,DCDC2005066,N,Y,38.907506,-77.0603363
PAST SALE,September-5-2019,Townhouse,2905 N St NW,Washington,DC,20007,2449000,3,2.5,GEORGETOWN,2176,1600,1900,821,1125,,Sold,,,https://www.redfin.com/DC/Washington/2905-N-St-NW-20007/home/9926783,BRIGHT MLS,DCDC441178,N,Y,38.9069791,-77.0584139
PAST SALE,December-11-2020,Single Family Residential,2814 Dumbarton St NW,Washington,DC,20007,1350000,3,2.0,GEORGETOWN,1836,1523,1900,358,735,,Sold,,,https://www.redfin.com/DC/Washington/2814-Dumbarton-St-NW-20007/home/9926844,BRIGHT MLS,DCDC500528,N,Y,38.9075353,-77.0576494
PAST SALE,August-29-2019,Townhouse,1308 29th St NW,Washington,DC,20007,2700000,6,5.5,GEORGETOWN,3388,3300,1900,828,797,,Sold,,,https://www.redfin.com/DC/Washington/1308-29th-St-NW-20007/home/9926798,BRIGHT MLS,DCDC424698,N,Y,38.9072273,-77.0583015
PAST SALE,March-15-2021,Townhouse,2812 Dumbarton St NW,Washington,DC,20007,1399000,3,2.5,GEORGETOWN,1668,1025,1900,264,839,,Sold,,,https://www.redfin.com/DC/Washington/2812-Dumbarton-St-NW-20007/home/9926847,BRIGHT MLS,DCDC502768,N,Y,38.9075503,-77.0576044
PAST SALE,August-17-2021,Single Family Residential,1308-1310 27th St NW,Washington,DC,20007,1475000,3,4.0,GEORGETOWN,2250,1140,1900,109,656,,Sold,,,https://www.redfin.com/DC/Washington/1308-27th-St-NW-20007/home/9926880,BRIGHT MLS,DCDC514658,N,Y,38.9072255,-77.0559629
PAST SALE,July-6-2021,Townhouse,1321 28th St NW,Washington,DC,20007,1200000,2,1.5,GEORGETOWN,1390,910,1900,151,863,,Sold,,,https://www.redfin.com/DC/Washington/1321-28th-St-NW-20007/home/9926924,BRIGHT MLS,DCDC2002000,N,Y,38.9074319,-77.0569073
PAST SALE,November-19-2019,Townhouse,1323 28th St NW,Washington,DC,20007,1750000,3,4.0,GEORGETOWN,2000,910,1900,746,875,,Sold,,,https://www.redfin.com/DC/Washington/1323-28th-St-NW-20007/home/9926926,BRIGHT MLS,DCDC443208,N,Y,38.9075687,-77.0569634
PAST SALE,May-18-2021,Townhouse,2730 Dumbarton St NW,Washington,DC,20007,1600000,2,2.5,GEORGETOWN,1665,890,1900,200,961,,Sold,,,https://www.redfin.com/DC/Washington/2730-Dumbarton-St-NW-20007/home/9926928,BRIGHT MLS,DCDC514144,N,Y,38.9075523,-77.0569073
PAST SALE,August-31-2020,Townhouse,1322 27th St NW,Washington,DC,20007,710000,2,1.0,GEORGETOWN,716,520,1900,460,992,,Sold,,,https://www.redfin.com/DC/Washington/1322-27th-St-NW-20007/home/9926913,BRIGHT MLS,DCDC472174,N,Y,38.9074612,-77.0559942
PAST SALE,October-28-2019,Townhouse,1335 27th St NW,Washington,DC,20007,1025000,2,1.5,GEORGETOWN,1638,829,1900,768,626,,Sold,,,https://www.redfin.com/DC/Washington/1335-27th-St-NW-20007/home/9926946,BRIGHT MLS,DCDC442698,N,Y,38.9078723,-77.0556481
PAST SALE,May-1-2020,Townhouse,1341 28th St NW,Washington,DC,20007,827000,2,3.0,GEORGETOWN,896,738,1900,582,923,,Sold,,,https://www.redfin.com/DC/Washington/1341-28th-St-NW-20007/home/9927023,BRIGHT MLS,DCDC467278,N,Y,38.9079941,-77.0569773
PAST SALE,April-30-2021,Townhouse,1218 28th St NW,Washington,DC,20007,1695000,3,3.0,GEORGETOWN,2092,1775,1900,218,810,,Sold,,,https://www.redfin.com/DC/Washington/1218-28th-St-NW-20007/home/9925559,BRIGHT MLS,DCDC511430,N,Y,38.9058245,-77.0572446
PAST SALE,January-3-2019,Townhouse,2818 N St NW,Washington,DC,20007,1800000,4,3.5,GEORGETOWN,2642,1573,1900,1066,681,,Sold,,,https://www.redfin.com/DC/Washington/2818-N-St-NW-20007/home/9925566,BRIGHT MLS,DCDC191606,N,Y,38.906638,-77.0578709
PAST SALE,June-15-2020,Condo/Co-op,3030 K St NW #104,Washington,DC,20007,900000,2,2.0,GEORGETOWN,2316,,1984,537,389,4215,Sold,,,https://www.redfin.com/DC/Washington/3030-K-St-NW-20007/unit-104/home/9922767,BRIGHT MLS,DCDC466522,N,Y,38.9016986,-77.0604669
PAST SALE,August-12-2020,Townhouse,1237 29th St NW,Washington,DC,20007,1445000,2,3.0,GEORGETOWN,1502,1234,1900,479,962,,Sold,,,https://www.redfin.com/DC/Washington/1237-29th-St-NW-20007/home/9925571,BRIGHT MLS,DCDC469976,N,Y,38.9064471,-77.0579642
PAST SALE,February-28-2020,Townhouse,2803 Olive St NW,Washington,DC,20007,825000,2,1.0,GEORGETOWN,906,539,1900,645,911,,Sold,,,https://www.redfin.com/DC/Washington/2803-Olive-St-NW-20007/home/9925598,BRIGHT MLS,DCDC458436,N,Y,38.9061944,-77.0572334
PAST SALE,,Condo/Co-op,1015 33rd St NW #509,Washington,DC,20007,965000,2,2.0,,1730,,1985,,558,,,,,https://www.redfin.com/DC/Washington/1015-33rd-St-NW-20007/unit-509/home/9923016,,,N,Y,38.903736,-77.065509
PAST SALE,October-15-2021,Townhouse,4016 Mansion Dr NW,Washington,DC,20007,1925000,3,4.5,BURLEITH,3270,1826,1995,50,589,550,Sold,,,https://www.redfin.com/DC/Washington/4016-Mansion-Dr-NW-20007/home/9937180,BRIGHT MLS,DCDC2004796,N,Y,38.9160596,-77.0788509
PAST SALE,November-5-2020,Townhouse,1233 29th St NW,Washington,DC,20007,1375000,2,2.0,GEORGETOWN,1502,1200,1900,394,915,,Sold,,,https://www.redfin.com/DC/Washington/1233-29th-St-NW-20007/home/9925576,BRIGHT MLS,DCDC488862,N,Y,38.9063442,-77.0579417
PAST SALE,April-10-2019,Townhouse,1215 29th St NW,Washington,DC,20007,1100000,3,3.0,GEORGETOWN,1892,1793,1890,969,581,,Sold,,,https://www.redfin.com/DC/Washington/1215-29th-St-NW-20007/home/9925534,BRIGHT MLS,DCDC401310,N,Y,38.9057021,-77.0579417
PAST SALE,April-15-2021,Single Family Residential,3330 N St NW,Washington,DC,20007,3610000,6,5.0,GEORGETOWN,4650,4764,1900,233,776,,Sold,,,https://www.redfin.com/DC/Washington/3330-N-St-NW-20007/home/9926071,BRIGHT MLS,DCDC505626,N,Y,38.906568,-77.0673519
PAST SALE,February-28-2020,Townhouse,1220 28th St NW,Washington,DC,20007,849000,3,2.5,GEORGETOWN,1200,873,1900,645,708,,Sold,,,https://www.redfin.com/DC/Washington/1220-28th-St-NW-20007/home/9925545,BRIGHT MLS,DCDC447978,N,Y,38.9058652,-77.0572053
PAST SALE,October-6-2020,Townhouse,1230 30th St NW,Washington,DC,20007,2000000,4,3.5,GEORGETOWN,3660,2653,1900,424,546,,Sold,,,https://www.redfin.com/DC/Washington/1230-30th-St-NW-20007/home/9925389,BRIGHT MLS,DCDC480614,N,Y,38.9061841,-77.0594869
PAST SALE,April-15-2020,Condo/Co-op,2901 Q St NW #2,Washington,DC,20007,880000,2,2.0,GEORGETOWN,1000,,1943,598,880,536,Sold,,,https://www.redfin.com/DC/Washington/2901-Q-St-NW-20007/unit-2/home/9931561,BRIGHT MLS,DCDC458302,N,Y,38.9107349,-77.0583577
PAST SALE,October-25-2021,Townhouse,1704 37th St NW,Washington,DC,20007,1100000,4,3.0,BURLEITH,2120,2000,1926,40,519,,Sold,,,https://www.redfin.com/DC/Washington/1704-37th-St-NW-20007/home/9936069,BRIGHT MLS,DCDC2014348,N,Y,38.9138301,-77.0730628
PAST SALE,,Townhouse,2920 N St NW,Washington,DC,20007,895000,2,1.5,,870,628,1900,,1029,,,,,https://www.redfin.com/DC/Washington/2920-N-St-NW-20007/home/9925501,,,N,Y,38.9067187,-77.0589536
PAST SALE,March-4-2021,Townhouse,1234 29th St NW,Washington,DC,20007,1155500,2,2.5,GEORGETOWN,1309,986,1900,275,883,,Sold,,,https://www.redfin.com/DC/Washington/1234-29th-St-NW-20007/home/9925483,BRIGHT MLS,DCDC498084,N,Y,38.9062617,-77.058279
PAST SALE,June-17-2019,Condo/Co-op,4000 Tunlaw Rd NW #730,Washington,DC,20007,365000,2,1.0,GLOVER PARK,950,986,1960,901,384,861,Sold,,,https://www.redfin.com/DC/Washington/4000-Tunlaw-Rd-NW-20007/unit-730/home/9959566,BRIGHT MLS,DCDC427594,N,Y,38.9252674,-77.0804147
PAST SALE,,Townhouse,2906 N St NW,Washington,DC,20007,4200000,5,3.5,,3232,4200,1900,,1300,,,,,https://www.redfin.com/DC/Washington/2906-N-St-NW-20007/home/9925481,,,N,Y,38.9067021,-77.0585376
PAST SALE,July-13-2020,Townhouse,2908 N St NW,Washington,DC,20007,2425000,5,6.0,GEORGETOWN,3800,4877,1820,509,638,,Sold,,,https://www.redfin.com/DC/Washington/2908-N-St-NW-20007/home/9925468,BRIGHT MLS,DCDC458432,N,Y,38.9067122,-77.0586275
PAST SALE,January-3-2020,Townhouse,3608 S St NW,Washington,DC,20007,2095000,5,5.5,BURLEITH,3600,2250,1924,701,582,,Sold,,,https://www.redfin.com/DC/Washington/3608-S-St-NW-20007/home/9935724,BRIGHT MLS,DCDC449652,N,Y,38.9142968,-77.0715902
PAST SALE,,Parking,3829 Davis Pl NW Unit P65,Washington,DC,20007,30000,,,,,,,,,,,,,https://www.redfin.com/DC/Washington/3829-Davis-Pl-NW-20007/unit-P65/home/9935292,,,N,Y,38.9238984,-77.0766152
PAST SALE,November-13-2019,Townhouse,2220 40th St NW #3,Washington,DC,20007,335000,1,1.0,GLOVER PARK,800,,1936,752,419,225,Sold,,,https://www.redfin.com/DC/Washington/2220-40th-St-NW-20007/unit-3/home/9936643,BRIGHT MLS,DCDC441694,N,Y,38.9199228,-77.0790883
PAST SALE,April-21-2021,Townhouse,1224 29th St NW,Washington,DC,20007,1430000,2,2.0,GEORGETOWN,1827,1004,1900,227,783,,Sold,,,https://www.redfin.com/DC/Washington/1224-29th-St-NW-20007/home/9925403,BRIGHT MLS,DCDC508474,N,Y,38.9058428,-77.0583015
PAST SALE,December-18-2020,Condo/Co-op,4840 Macarthur Blvd NW #205,Washington,DC,20007,245000,1,1.0,PALISADES,483,,1959,351,507,268,Sold,,,https://www.redfin.com/DC/Washington/4840-MacArthur-Blvd-NW-20007/unit-205/home/12531142,BRIGHT MLS,DCDC485160,N,Y,38.9170703,-77.0968742
PAST SALE,May-14-2021,Townhouse,2924 N St NW,Washington,DC,20007,1355000,2,1.5,GEORGETOWN,1350,624,1850,204,1004,,Sold,,,https://www.redfin.com/DC/Washington/2924-N-St-NW-20007/home/9925496,BRIGHT MLS,DCDC511252,N,Y,38.9067027,-77.0590514
PAST SALE,March-2-2020,Townhouse,2814 Olive St NW,Washington,DC,20007,1005000,2,1.5,GEORGETOWN,1094,1142,1900,642,919,,Sold,,,https://www.redfin.com/DC/Washington/2814-Olive-St-NW-20007/home/9925522,BRIGHT MLS,DCDC455740,N,Y,38.9059451,-77.0576044
PAST SALE,April-16-2019,Townhouse,2211 38th St NW,Washington,DC,20007,1225000,4,3.5,GLOVER PARK,2268,1620,1931,963,540,,Sold,,,https://www.redfin.com/DC/Washington/2211-38th-St-NW-20007/home/9934253,BRIGHT MLS,DCDC402260,N,Y,38.9196663,-77.075817
PAST SALE,May-17-2019,Townhouse,1236 29th St NW,Washington,DC,20007,799900,1,1.5,GEORGETOWN,798,627,1900,932,1002,,Sold,,,https://www.redfin.com/DC/Washington/1236-29th-St-NW-20007/home/9925490,BRIGHT MLS,DCDC420594,N,Y,38.9063018,-77.058279
PAST SALE,October-29-2020,Condo/Co-op,2325 42nd St NW #410,Washington,DC,20007,334950,1,1.0,GLOVER PARK,701,,1956,401,478,399,Sold,,,https://www.redfin.com/DC/Washington/2325-42nd-St-NW-20007/unit-410/home/9958989,BRIGHT MLS,DCDC490564,N,Y,38.9221286,-77.0817637
PAST SALE,May-10-2021,Single Family Residential,1692 31st St NW,Washington,DC,20007,6100000,5,5.5,GEORGETOWN,4802,6344,1900,208,1270,,Sold,,,https://www.redfin.com/DC/Washington/1692-31st-St-NW-20007/home/9930839,BRIGHT MLS,DCDC522188,N,Y,38.9129005,-77.0633496
PAST SALE,October-15-2021,Townhouse,1215 28th St NW,Washington,DC,20007,1625000,4,4.0,GEORGETOWN,4200,1728,1986,50,387,991,Sold,,,https://www.redfin.com/DC/Washington/1215-28th-St-NW-20007/unit-L4/home/9925654,BRIGHT MLS,DCDC2016514,N,Y,38.9057187,-77.0564384
PAST SALE,March-3-2020,Townhouse,2804 P St NW,Washington,DC,20007,1950000,4,3.5,GEORGETOWN,2364,2212,1865,641,825,,Sold,,,https://www.redfin.com/DC/Washington/2804-P-St-NW-20007/home/9928251,BRIGHT MLS,DCDC454512,N,Y,38.9091879,-77.0573572
PAST SALE,April-30-2019,Townhouse,1226 29th St NW,Washington,DC,20007,1275000,3,2.0,GEORGETOWN,1827,901,1900,949,698,,Sold,,,https://www.redfin.com/DC/Washington/1226-29th-St-NW-20007/home/9925402,BRIGHT MLS,DCDC401100,N,Y,38.905883,-77.0583015
PAST SALE,April-20-2021,Townhouse,3528 T St NW,Washington,DC,20007,1485000,4,3.5,BURLEITH,3122,2084,1905,228,476,,Sold,,,https://www.redfin.com/DC/Washington/3528-T-St-NW-20007/home/9935547,BRIGHT MLS,DCDC2000400,N,Y,38.9151994,-77.0702749
PAST SALE,May-14-2021,Townhouse,1239 31st St NW,Washington,DC,20007,1500000,3,2.0,GEORGETOWN,1745,1234,1900,204,860,,Sold,,,https://www.redfin.com/DC/Washington/1239-31st-St-NW-20007/home/9925385,BRIGHT MLS,DCDC516944,N,Y,38.9062965,-77.060936
PAST SALE,October-16-2020,Townhouse,1230 29th St NW,Washington,DC,20007,1500000,3,2.0,GEORGETOWN,1843,893,1900,414,814,,Sold,,,https://www.redfin.com/DC/Washington/1230-29th-St-NW-20007/home/9925398,BRIGHT MLS,DCDC489872,N,Y,38.9059833,-77.0583015
PAST SALE,November-16-2021,Single Family Residential,3401 N St NW,Washington,DC,20007,3950000,7,4.5,GEORGETOWN,5050,3327,1900,18,782,,Sold,,,https://www.redfin.com/DC/Washington/3401-N-St-NW-20007/home/9926400,BRIGHT MLS,DCDC519830,N,Y,38.9069195,-77.0679815
PAST SALE,October-29-2021,Townhouse,3406 N St NW,Washington,DC,20007,2050000,3,2.0,GEORGETOWN,2814,2621,1900,36,729,,Sold,,,https://www.redfin.com/DC/Washington/3406-N-St-NW-20007/home/9926103,BRIGHT MLS,DCDC2012814,N,Y,38.9066074,-77.0681501
PAST SALE,November-11-2021,Condo/Co-op,2500 Q St NW #113,Washington,DC,20007,389500,1,1.0,GEORGETOWN,938,,1942,23,415,995,Sold,,,https://www.redfin.com/DC/Washington/2500-Q-St-NW-20007/unit-113/home/9928719,BRIGHT MLS,DCDC2014190,N,Y,38.9103711,-77.0520839
PAST SALE,November-15-2019,Townhouse,1213 30th St NW,Washington,DC,20007,1400000,3,3.0,GEORGETOWN,2006,1875,1807,750,698,,Sold,,,https://www.redfin.com/DC/Washington/1213-30th-St-NW-20007/home/9925411,BRIGHT MLS,DCDC421860,N,Y,38.9056803,-77.0589986
PAST SALE,May-13-2019,Townhouse,1215 30th St NW,Washington,DC,20007,1915000,2,2.5,GEORGETOWN,3132,2105,1900,936,611,,Sold,,,https://www.redfin.com/DC/Washington/1215-30th-St-NW-20007/home/9925413,BRIGHT MLS,DCDC402954,N,Y,38.905728,-77.0589354
PAST SALE,June-15-2021,Townhouse,3825 Benton St NW,Washington,DC,20007,1612000,4,4.5,GLOVER PARK,2067,1728,1930,172,780,,Sold,,,https://www.redfin.com/DC/Washington/3825-Benton-St-NW-20007/home/9934158,BRIGHT MLS,DCDC521538,N,Y,38.9209236,-77.0768446
PAST SALE,August-28-2020,Townhouse,3048 N St NW,Washington,DC,20007,2675000,4,4.5,GEORGETOWN,3294,1339,1900,463,812,,Sold,,,https://www.redfin.com/DC/Washington/3048-N-St-NW-20007/home/9925381,BRIGHT MLS,DCDC469840,N,Y,38.9067386,-77.0609789
PAST SALE,March-24-2021,Townhouse,1237 31st St NW,Washington,DC,20007,1995000,4,3.5,GEORGETOWN,2090,1953,1900,255,955,,Sold,,,https://www.redfin.com/DC/Washington/1237-31st-St-NW-20007/home/171548430,BRIGHT MLS,DCDC466634,N,Y,38.9062761,-77.061087
PAST SALE,March-5-2021,Townhouse,1528 29th St NW,Washington,DC,20007,1910000,3,2.5,GEORGETOWN,2550,1491,1880,274,749,,Sold,,,https://www.redfin.com/DC/Washington/1528-29th-St-NW-20007/home/9929738,BRIGHT MLS,DCDC498960,N,Y,38.910069,-77.0584139
PAST SALE,May-22-2019,Townhouse,1057 Paper Mill Ct NW #1057,Washington,DC,20007,681000,2,1.5,GEORGETOWN,950,,1900,927,717,540,Sold,,,https://www.redfin.com/DC/Washington/1057-Paper-Mill-Ct-20007/unit-1057/home/9923207,BRIGHT MLS,DCDC421078,N,Y,38.903489,-77.064445
PAST SALE,January-17-2019,Townhouse,3114 N St NW,Washington,DC,20007,4800000,5,5.5,GEORGETOWN,4465,4219,1900,1052,1075,,Sold,,,https://www.redfin.com/DC/Washington/3114-N-St-NW-20007/home/9925306,BRIGHT MLS,DCDC310446,N,Y,38.9066394,-77.0619105
PAST SALE,April-30-2020,Townhouse,3104 N St NW,Washington,DC,20007,1389000,3,3.0,GEORGETOWN,1900,1102,1900,583,731,,Sold,,,https://www.redfin.com/DC/Washington/3104-N-St-NW-20007/home/9925296,BRIGHT MLS,DCDC460466,N,Y,38.9066629,-77.0614945
PAST SALE,August-30-2021,Townhouse,1519 34th St NW,Washington,DC,20007,1260000,2,2.0,GEORGETOWN,1365,1291,1900,96,923,,Sold,,,https://www.redfin.com/DC/Washington/1519-34th-St-NW-20007/home/9927911,BRIGHT MLS,DCDC2005296,N,Y,38.9092858,-77.0677004
PAST SALE,June-30-2019,Townhouse,3128 N St NW,Washington,DC,20007,1700000,3,2.5,GEORGETOWN,2411,1752,1900,888,705,,Sold,,,https://www.redfin.com/DC/Washington/3128-N-St-NW-20007/home/9925295,BRIGHT MLS,DCDC364920,N,Y,38.9066284,-77.062259
PAST SALE,November-30-2020,Townhouse,3112 N St NW,Washington,DC,20007,4200000,4,5.5,GEORGETOWN,4716,4207,1885,369,891,,Sold,,,https://www.redfin.com/DC/Washington/3112-N-St-NW-20007/home/9925291,BRIGHT MLS,DCDC486074,N,Y,38.9066293,-77.0618206
PAST SALE,May-24-2019,Single Family Residential,4635 Ashby St NW,Washington,DC,20007,2900000,7,7.0,BERKLEY,6600,10175,1966,925,439,,Sold,,,https://www.redfin.com/DC/Washington/4635-Ashby-St-NW-20007/home/9940490,BRIGHT MLS,DCDC402462,N,Y,38.9204377,-77.0929863
PAST SALE,January-18-2019,Townhouse,1040 Paper Mill Ct NW #1040,Washington,DC,20007,635000,2,1.5,GEORGETOWN,886,546,1900,1051,717,540,Sold,,,https://www.redfin.com/DC/Washington/1040-Paper-Mill-Ct-20007/unit-1040/home/9923262,BRIGHT MLS,DCDC100838,N,Y,38.903489,-77.064445
PAST SALE,October-15-2019,Condo/Co-op,1023 Potomac St NW Unit 1023P,Washington,DC,20007,675000,2,1.0,GEORGETOWN,886,546,1900,781,762,550,Sold,,,https://www.redfin.com/DC/Washington/1023-Potomac-St-NW-20007/unit-1023P/home/9923333,BRIGHT MLS,DCDC442094,N,Y,38.9038345,-77.0649198
PAST SALE,November-6-2020,Single Family Residential,4647 Kenmore Dr NW,Washington,DC,20007,1720000,4,3.5,BERKLEY,2745,6697,1942,393,627,,Sold,,,https://www.redfin.com/DC/Washington/4647-Kenmore-Dr-NW-20007/home/9940032,BRIGHT MLS,DCDC491974,N,Y,38.9132017,-77.0885755
PAST SALE,February-28-2020,Condo/Co-op,4017 Davis Pl NW Ph -8,Washington,DC,20007,700000,2,1.5,GLOVER PARK,940,,2019,645,745,243,Sold,,,https://www.redfin.com/DC/Washington/4017-Davis-Pl-NW-20007/unit-8/home/177096406,BRIGHT MLS,DCDC451956,N,Y,38.9238125,-77.0796053
PAST SALE,,Condo/Co-op,1234 ETON CT NW Unit T21,WASHINGTON,DC,20007,624000,2,1.0,,1056,,1980,,591,,,,,https://www.redfin.com/DC/WASHINGTON/1234-ETON-CT-NW-20007/unit-T21/home/9925164,,,N,Y,38.905529,-77.06554
PAST SALE,December-10-2020,Townhouse,1312 30th St NW,Washington,DC,20007,4900000,5,5.5,GEORGETOWN,4815,5299,1868,359,1018,,Sold,,,https://www.redfin.com/DC/Washington/1312-30th-St-NW-20007/home/9926769,BRIGHT MLS,DCDC465838,N,Y,38.9072947,-77.059527
PAST SALE,November-4-2019,Townhouse,3344 Prospect St NW,Washington,DC,20007,1700000,4,3.0,GEORGETOWN,2700,1234,1900,761,630,,Sold,,,https://www.redfin.com/DC/Washington/3344-Prospect-St-NW-20007/home/9925104,BRIGHT MLS,DCDC443960,N,Y,38.905747,-77.067603
PAST SALE,,Condo/Co-op,3633 M St NW #5,Washington,DC,20007,1244590,3,2.5,,3277,,1910,,380,,,,,https://www.redfin.com/DC/Washington/3633-M-St-NW-20007/unit-5/home/9924973,,,N,Y,38.9052787,-77.0710618
PAST SALE,April-30-2019,Townhouse,2239 Observatory Pl NW,Washington,DC,20007,850000,3,2.0,GLOVER PARK,1024,1488,1938,949,830,,Sold,,,https://www.redfin.com/DC/Washington/2239-Observatory-Pl-NW-20007/home/9935031,BRIGHT MLS,DCDC424486,N,Y,38.9201167,-77.0741083
PAST SALE,March-6-2020,Condo/Co-op,1080 Wisconsin Ave NW #2020,Washington,DC,20007,525000,1,1.5,GEORGETOWN,900,,1981,638,583,725,Sold,,,https://www.redfin.com/DC/Washington/1080-Wisconsin-Ave-NW-20007/unit-2020/home/9924742,BRIGHT MLS,DCDC457786,N,Y,38.9044558,-77.0633721
PAST SALE,April-12-2021,Condo/Co-op,1080 Wisconsin Ave NW #2005,Washington,DC,20007,700000,2,2.0,GEORGETOWN,1225,,1981,236,571,1086,Sold,,,https://www.redfin.com/DC/Washington/1080-Wisconsin-Ave-NW-20007/unit-2005/home/9924888,BRIGHT MLS,DCDC482654,N,Y,38.9044558,-77.0633721
PAST SALE,May-12-2020,Condo/Co-op,1080 Wisconsin Ave NW #3016,Washington,DC,20007,875000,2,2.0,GEORGETOWN,1417,,1981,571,618,1161,Sold,,,https://www.redfin.com/DC/Washington/1080-Wisconsin-Ave-NW-20007/unit-3016/home/9924758,BRIGHT MLS,DCDC462118,N,Y,38.9044558,-77.0633721
PAST SALE,,Townhouse,3812 W St NW,Washington,DC,20007,902870,3,3.0,,1152,1750,1940,,784,,,,,https://www.redfin.com/DC/Washington/3812-W-St-NW-20007/home/9936471,,,N,Y,38.9189211,-77.0763932
PAST SALE,March-1-2021,Condo/Co-op,1080 Wisconsin Ave NW #1005,Washington,DC,20007,572500,1,1.5,GEORGETOWN,900,,1981,278,636,863,Sold,,,https://www.redfin.com/DC/Washington/1080-Wisconsin-Ave-NW-20007/unit-1005/home/9924873,BRIGHT MLS,DCDC474000,N,Y,38.9044558,-77.0633721
PAST SALE,December-13-2019,Condo/Co-op,1080 Wisconsin Ave NW #505,Washington,DC,20007,529000,1,1.5,GEORGETOWN,916,,1981,722,578,808,Sold,,,https://www.redfin.com/DC/Washington/1080-Wisconsin-Ave-NW-20007/unit-505/home/9924644,BRIGHT MLS,DCDC441876,N,Y,38.9044558,-77.0633721
PAST SALE,January-3-2019,Condo/Co-op,2720 Wisconsin Ave NW #106,Washington,DC,20007,132000,0,1.0,OBSERVATORY CIRCLE,300,4318,1940,1066,440,387,Sold,,,https://www.redfin.com/DC/Washington/2720-Wisconsin-Ave-NW-20007/unit-106/home/28854581,BRIGHT MLS,DCDC308832,N,Y,38.925743,-77.073657
PAST SALE,December-3-2020,Townhouse,3923 Benton St NW,Washington,DC,20007,915000,3,2.0,GLOVER PARK,1700,1410,1935,366,538,,Sold,,,https://www.redfin.com/DC/Washington/3923-Benton-St-NW-20007/home/9965090,BRIGHT MLS,DCDC495590,N,Y,38.920913,-77.078186
PAST SALE,August-16-2019,Condo/Co-op,4000 Tunlaw Rd NW #604,Washington,DC,20007,177900,0,1.0,GLOVER PARK,469,469,1960,841,379,406,Sold,,,https://www.redfin.com/DC/Washington/4000-Tunlaw-Rd-NW-20007/unit-604/home/9959466,BRIGHT MLS,DCDC433808,N,Y,38.9252674,-77.0804147
PAST SALE,December-15-2020,Condo/Co-op,1080 Wisconsin Ave NW #501,Washington,DC,20007,700000,2,2.0,GEORGETOWN,1134,,1981,354,617,974,Sold,,,https://www.redfin.com/DC/Washington/1080-Wisconsin-Ave-NW-20007/unit-501/home/9924637,BRIGHT MLS,DCDC493690,N,Y,38.9044558,-77.0633721
PAST SALE,March-29-2019,Condo/Co-op,2500 Q St NW #539,Washington,DC,20007,315000,1,1.0,GEORGETOWN,679,,1942,981,464,637,Sold,,,https://www.redfin.com/DC/Washington/2500-Q-St-NW-20007/unit-539/home/9929098,BRIGHT MLS,DCDC399106,N,Y,38.9103711,-77.0520839
PAST SALE,January-6-2020,Condo/Co-op,2500 Q St NW #138,Washington,DC,20007,279000,0,1.0,GEORGETOWN,528,,1942,698,528,438,Sold,,,https://www.redfin.com/DC/Washington/2500-Q-St-NW-20007/unit-138/home/9929072,BRIGHT MLS,DCDC449946,N,Y,38.9103711,-77.0520839
PAST SALE,July-19-2021,Condo/Co-op,1080 Wisconsin Ave NW #1015,Washington,DC,20007,455000,1,1.5,GEORGETOWN,923,,1981,138,493,760,Sold,,,https://www.redfin.com/DC/Washington/1080-Wisconsin-Ave-NW-20007/unit-1015/home/9924708,BRIGHT MLS,DCDC2001228,N,Y,38.9044558,-77.0633721
PAST SALE,March-1-2021,Single Family Residential,4700 Reservoir Rd NW,Washington,DC,20007,1205000,3,2.0,BERKLEY,1937,2431,1939,278,622,,Sold,,,https://www.redfin.com/DC/Washington/4700-Reservoir-Rd-NW-20007/home/9940281,BRIGHT MLS,DCDC505610,N,Y,38.9138844,-77.0896546
PAST SALE,October-15-2020,Condo/Co-op,2500 Q St NW #136,Washington,DC,20007,350000,1,1.0,GEORGETOWN,1014,,1942,415,345,903,Sold,,,https://www.redfin.com/DC/Washington/2500-Q-St-NW-20007/unit-136/home/9929045,BRIGHT MLS,DCDC478612,N,Y,38.9103711,-77.0520839
PAST SALE,August-3-2021,Condo/Co-op,2500 Q St NW #435,Washington,DC,20007,386000,1,1.0,GEORGETOWN,1014,,1942,123,381,845,Sold,,,https://www.redfin.com/DC/Washington/2500-Q-St-NW-20007/unit-435/home/9929037,BRIGHT MLS,DCDC507292,N,Y,38.9103711,-77.0520839
PAST SALE,May-13-2021,Condo/Co-op,1080 Wisconsin Ave NW #407,Washington,DC,20007,625000,1,1.5,GEORGETOWN,957,,1981,205,653,776,Sold,,,https://www.redfin.com/DC/Washington/1080-Wisconsin-Ave-NW-20007/unit-407/home/9924633,BRIGHT MLS,DCDC508532,N,Y,38.9044558,-77.0633721
PAST SALE,August-15-2019,Condo/Co-op,2500 Q St NW #240,Washington,DC,20007,345000,1,1.0,GEORGETOWN,1014,420,1942,842,340,837,Sold,,,https://www.redfin.com/DC/Washington/2500-Q-St-NW-20007/unit-240/home/9929102,BRIGHT MLS,DCDC432342,N,Y,38.9103711,-77.0520839
PAST SALE,April-23-2019,Condo/Co-op,2500 Q St NW #740,Washington,DC,20007,447500,1,1.0,GEORGETOWN,1177,439,1942,956,380,964,Sold,,,https://www.redfin.com/DC/Washington/2500-Q-St-NW-20007/unit-740/home/9929117,BRIGHT MLS,DCDC402490,N,Y,38.9104655,-77.0524133
PAST SALE,July-29-2021,Condo/Co-op,2500 Q St NW #748,Washington,DC,20007,380000,1,1.0,GEORGETOWN,969,,1942,128,392,860,Sold,,,https://www.redfin.com/DC/Washington/2500-Q-St-NW-20007/unit-748/home/9929228,BRIGHT MLS,DCDC518658,N,Y,38.9103711,-77.0520839
PAST SALE,July-15-2019,Condo/Co-op,2500 Q St NW #727,Washington,DC,20007,448000,1,1.0,GEORGETOWN,1123,,1942,873,399,964,Sold,,,https://www.redfin.com/DC/Washington/2500-Q-St-NW-20007/unit-727/home/9928923,BRIGHT MLS,DCDC403950,N,Y,38.9103711,-77.0520839
PAST SALE,June-8-2021,Condo/Co-op,2500 Q St NW #334,Washington,DC,20007,537500,2,2.0,GEORGETOWN,1225,,1942,179,439,1295,Sold,,,https://www.redfin.com/DC/Washington/2500-Q-St-NW-20007/unit-334/home/9929021,BRIGHT MLS,DCDC513654,N,Y,38.9103711,-77.0520839
PAST SALE,February-12-2021,Condo/Co-op,2500 Q St NW #330,Washington,DC,20007,350000,1,1.0,GEORGETOWN,544,,1942,295,643,560,Sold,,,https://www.redfin.com/DC/Washington/2500-Q-St-NW-20007/unit-330/home/9928961,BRIGHT MLS,DCDC488926,N,Y,38.9103711,-77.0520839
PAST SALE,,Condo/Co-op,2500 Q St NW #530,Washington,DC,20007,50000,,1.0,,544,,1942,,92,,,,,https://www.redfin.com/DC/Washington/2500-Q-St-NW-20007/unit-530/home/9928967,,,N,Y,38.9103711,-77.0520839
PAST SALE,January-30-2020,Condo/Co-op,2500 Q St NW #447,Washington,DC,20007,280000,0,1.0,GEORGETOWN,505,,1942,674,554,491,Sold,,,https://www.redfin.com/DC/Washington/2500-Q-St-NW-20007/unit-447/home/9929210,BRIGHT MLS,DCDC453044,N,Y,38.9103711,-77.0520839
PAST SALE,,Condo/Co-op,2500 Q St NW #747,Washington,DC,20007,250000,,1.0,,505,,1942,,495,,,,,https://www.redfin.com/DC/Washington/2500-Q-St-NW-20007/unit-747/home/9929218,,,N,Y,38.9103711,-77.0520839
PAST SALE,December-2-2019,Condo/Co-op,2500 Q St NW #649,Washington,DC,20007,344900,1,1.0,GEORGETOWN,899,,1942,733,384,810,Sold,,,https://www.redfin.com/DC/Washington/2500-Q-St-NW-20007/unit-649/home/9929237,BRIGHT MLS,DCDC444348,N,Y,38.9103711,-77.0520839
PAST SALE,February-28-2020,Condo/Co-op,2500 Q St NW #749,Washington,DC,20007,355000,1,1.0,GEORGETOWN,899,,1942,645,395,830,Sold,,,https://www.redfin.com/DC/Washington/2500-Q-St-NW-20007/unit-749/home/9929240,BRIGHT MLS,DCDC455742,N,Y,38.9103711,-77.0520839
PAST SALE,April-26-2019,Condo/Co-op,2500 Q St NW #704,Washington,DC,20007,865000,3,3.0,GEORGETOWN,2124,985,1942,953,407,2062,Sold,,,https://www.redfin.com/DC/Washington/2500-Q-St-NW-20007/unit-704/home/9929250,BRIGHT MLS,DCDC365664,N,Y,38.9103711,-77.0520839
PAST SALE,,Parking,2500 Q St NW Unit P-118,Washington,DC,20007,70000,,,,,,,,,,,,,https://www.redfin.com/DC/Washington/2500-Q-St-NW-20007/unit-P-118/home/9929539,,,N,Y,38.9103711,-77.0520839
PAST SALE,May-7-2021,Parking,2500 Q St NW Unit P-42,Washington,DC,20007,46000,0,,GEORGETOWN,,,1942,211,,91,Sold,,,https://www.redfin.com/DC/Washington/2500-Q-St-NW-20007/unit-P-42/home/9929382,BRIGHT MLS,DCDC514024,N,Y,38.9103711,-77.0520839
PAST SALE,September-27-2019,Parking,2500 Q St NW Unit P-52,Washington,DC,20007,40000,,,GEORGETOWN,,,1942,799,,89,Sold,,,https://www.redfin.com/DC/Washington/2500-Q-St-NW-20007/unit-P-52/home/9929403,BRIGHT MLS,DCDC440708,N,Y,38.9103711,-77.0520839
PAST SALE,June-29-2021,Parking,2500 Q St NW Unit P-57,Washington,DC,20007,45000,0,,GEORGETOWN,,,1942,158,,68,Sold,,,https://www.redfin.com/DC/Washington/2500-Q-St-NW-20007/unit-P-57/home/9929415,BRIGHT MLS,DCDC524884,N,Y,38.9103711,-77.0520839
PAST SALE,August-24-2020,Condo/Co-op,1080 Wisconsin Ave NW Unit 103/104,Washington,DC,20007,1250000,2,3.5,GEORGETOWN,2300,,1981,467,543,2010,Sold,,,https://www.redfin.com/DC/Washington/1080-Wisconsin-Ave-NW-20007/unit-103/home/9924598,BRIGHT MLS,DCDC476934,N,Y,38.9044558,-77.0633721
PAST SALE,June-17-2021,Condo/Co-op,4000 Tunlaw Rd NW #809,Washington,DC,20007,289000,1,1.0,GLOVER PARK,750,,1960,170,385,726,Sold,,,https://www.redfin.com/DC/Washington/4000-Tunlaw-Rd-NW-20007/unit-809/home/9959587,BRIGHT MLS,DCDC516108,N,Y,38.9252674,-77.0804147
